+0.000
+0.000
+0.000
+0.000
+0.000
+1.341
+0.000
+0.000
+0.000
+0.000
+0.651
+0.000
+0.000
+0.000
+0.000
+0.628
+0.000
+0.000
+0.000
+0.000
-0.046
+0.000
+0.000
+0.000
+0.000
-0.130
+0.000
+0.000
+0.000
+0.000
-0.376
+0.000
+0.000
+0.000
+0.000
-0.470
+0.000
+0.000
+0.000
+0.000
-0.556
+0.000
+0.000
+0.000
+0.000
-0.637
+0.000
+0.000
+0.000
+0.000
-0.438
+0.000
+0.000
+0.000
+0.000
-0.420
+0.000
+0.000
+0.000
+0.000
-0.393
+0.000
+0.000
+0.000
+0.000
+0.020
+0.000
+0.000
+0.000
+0.000
+0.190
+0.000
+0.000
+0.000
+0.000
+0.392
+0.000
+0.000
+0.000
+0.000
+0.627
+0.000
+0.000
+0.000
+0.000
+0.897
+0.000
+0.000
+0.000
+0.000
+1.164
+0.000
+0.000
+0.000
+0.000
+1.391
+0.000
+0.000
+0.000
+0.000
+1.635
+0.000
+0.000
+0.000
+0.000
+1.204
+0.000
+0.000
+0.000
+0.000
+1.105
+0.000
+0.000
+0.000
+0.000
+0.464
+0.000
+0.000
+0.000
+0.000
+0.282
+0.000
+0.000
+0.000
+0.000
+0.035
+0.000
+0.000
+0.000
+0.000
-0.124
+0.000
+0.000
+0.000
+0.000
-0.258
+0.000
+0.000
+0.000
+0.000
-0.293
+0.000
+0.000
+0.000
+0.000
-0.390
+0.000
+0.000
+0.000
+0.000
-0.430
+0.000
+0.000
+0.000
+0.000
-0.456
+0.000
+0.000
+0.000
+0.000
-0.450
+0.000
+0.000
+0.000
+0.000
-0.362
+0.000
+0.000
+0.000
+0.000
-0.229
+0.000
+0.000
+0.000
+0.000
-0.098
+0.000
+0.000
+0.000
+0.000
+0.138
+0.000
+0.000
+0.000
+0.000
+0.427
+0.000
+0.000
+0.000
+0.000
+0.693
+0.000
+0.000
+0.000
+0.000
+1.083
+0.000
+0.000
+0.000
+0.000
+1.313
+0.000
+0.000
+0.000
+0.000
+1.290
+0.000
+0.000
+0.000
+0.000
+1.284
+0.000
+0.000
+0.000
+0.000
+1.225
+0.000
+0.000
+0.000
+0.000
+1.152
+0.000
+0.000
+0.000
+0.000
+1.056
+0.000
+0.000
+0.000
+0.000
+0.936
+0.000
+0.000
+0.000
+0.000
+0.556
+0.000
+0.000
+0.000
+0.000
+0.242
+0.000
+0.000
+0.000
+0.000
+0.011
+0.000
+0.000
+0.000
+0.000
-0.041
+0.000
+0.000
+0.000
+0.000
-0.173
+0.000
+0.000
+0.000
+0.000
-0.285
+0.000
+0.000
+0.000
+0.000
-0.471
+0.000
+0.000
+0.000
+0.000
-0.581
+0.000
+0.000
+0.000
+0.000
-0.663
+0.000
+0.000
+0.000
+0.000
-0.710
+0.000
+0.000
+0.000
+0.000
-0.701
+0.000
+0.000
+0.000
+0.000
-0.352
+0.000
+0.000
+0.000
+0.000
-0.197
+0.000
+0.000
+0.000
+0.000
+0.237
+0.000
+0.000
+0.000
+0.000
+0.503
+0.000
+0.000
+0.000
+0.000
+0.721
+0.000
+0.000
+0.000
+0.000
+0.885
+0.000
+0.000
+0.000
+0.000
+1.008
+0.000
+0.000
+0.000
+0.000
+1.071
+0.000
+0.000
+0.000
+0.000
+1.109
+0.000
+0.000
+0.000
+0.000
+0.937
+0.000
+0.000
+0.000
+0.000
+1.253
+0.000
+0.000
+0.000
+0.000
+1.277
+0.000
+0.000
+0.000
+0.000
+1.191
+0.000
+0.000
+0.000
+0.000
+1.060
+0.000
+0.000
+0.000
+0.000
+0.907
+0.000
+0.000
+0.000
+0.000
+0.746
+0.000
+0.000
+0.000
+0.000
+0.497
+0.000
+0.000
+0.000
+0.000
+0.274
+0.000
+0.000
+0.000
+0.000
+0.008
+0.000
+0.000
+0.000
+0.000
-0.141
+0.000
+0.000
+0.000
+0.000
-0.259
+0.000
+0.000
+0.000
+0.000
-0.349
+0.000
+0.000
+0.000
+0.000
-0.358
+0.000
+0.000
+0.000
+0.000
-0.271
+0.000
+0.000
+0.000
+0.000
-0.164
+0.000
+0.000
+0.000
+0.000
-0.067
+0.000
+0.000
+0.000
+0.000
+0.065
+0.000
+0.000
+0.000
+0.000
-0.235
+0.000
+0.000
+0.000
+0.000
-0.219
+0.000
+0.000
+0.000
+0.000
-0.186
+0.000
+0.000
+0.000
+0.000
-0.246
+0.000
+0.000
+0.000
+0.000
-0.314
+0.000
+0.000
+0.000
+0.000
-0.365
+0.000
+0.000
+0.000
+0.000
-0.482
+0.000
+0.000
+0.000
+0.000
-0.626
+0.000
+0.000
+0.000
+0.000
-0.784
+0.000
+0.000
+0.000
+0.000
-0.799
+0.000
+0.000
+0.000
+0.000
-0.797
+0.000
+0.000
+0.000
+0.000
-0.785
+0.000
+0.000
+0.000
+0.000
-0.748
+0.000
+0.000
+0.000
+0.000
-0.718
+0.000
+0.000
+0.000
+0.000
-0.647
+0.000
+0.000
+0.000
+0.000
-0.573
+0.000
+0.000
+0.000
+0.000
-0.507
+0.000
+0.000
+0.000
+0.000
-0.639
+0.000
+0.000
+0.000
+0.000
-0.416
+0.000
+0.000
+0.000
+0.000
-0.274
+0.000
+0.000
+0.000
+0.000
-0.197
+0.000
+0.000
+0.000
+0.000
-0.220
+0.000
+0.000
+0.000
+0.000
-0.321
+0.000
+0.000
+0.000
+0.000
-0.397
+0.000
+0.000
+0.000
+0.000
-0.460
+0.000
+0.000
+0.000
+0.000
-0.515
+0.000
+0.000
+0.000
+0.000
-0.506
+0.000
+0.000
+0.000
+0.000
-0.497
+0.000
+0.000
+0.000
+0.000
-0.473
+0.000
+0.000
+0.000
+0.000
-0.443
+0.000
+0.000
+0.000
+0.000
-0.403
+0.000
+0.000
+0.000
+0.000
-0.362
+0.000
+0.000
+0.000
+0.000
-0.319
+0.000
+0.000
+0.000
+0.000
-0.203
+0.000
+0.000
+0.000
+0.000
+0.046
+0.000
+0.000
+0.000
+0.000
+0.047
+0.000
+0.000
+0.000
+0.000
+0.191
+0.000
+0.000
+0.000
+0.000
+0.238
+0.000
+0.000
+0.000
+0.000
+0.238
+0.000
+0.000
+0.000
+0.000
+0.151
+0.000
+0.000
+0.000
+0.000
+0.077
+0.000
+0.000
+0.000
+0.000
+0.018
+0.000
+0.000
+0.000
+0.000
-0.019
+0.000
+0.000
+0.000
+0.000
-0.040
+0.000
+0.000
+0.000
+0.000
-0.093
+0.000
+0.000
+0.000
+0.000
-0.170
+0.000
+0.000
+0.000
+0.000
-0.232
+0.000
+0.000
+0.000
+0.000
-0.229
+0.000
+0.000
+0.000
+0.000
-0.177
+0.000
+0.000
+0.000
+0.000
-0.101
+0.000
+0.000
+0.000
+0.000
+0.001
+0.000
+0.000
+0.000
+0.000
+0.130
+0.000
+0.000
+0.000
+0.000
+0.261
+0.000
+0.000
+0.000
+0.000
+0.471
+0.000
+0.000
+0.000
+0.000
+0.593
+0.000
+0.000
+0.000
+0.000
+0.621
+0.000
+0.000
+0.000
+0.000
+0.683
+0.000
+0.000
+0.000
+0.000
+0.783
+0.000
+0.000
+0.000
+0.000
+0.877
+0.000
+0.000
+0.000
+0.000
+0.947
+0.000
+0.000
+0.000
+0.000
+0.897
+0.000
+0.000
+0.000
+0.000
+0.980
+0.000
+0.000
+0.000
+0.000
+1.070
+0.000
+0.000
+0.000
+0.000
+1.118
+0.000
+0.000
+0.000
+0.000
+1.012
+0.000
+0.000
+0.000
+0.000
+0.913
+0.000
+0.000
+0.000
+0.000
+0.775
+0.000
+0.000
+0.000
+0.000
+0.645
+0.000
+0.000
+0.000
+0.000
+0.519
+0.000
+0.000
+0.000
+0.000
+0.431
+0.000
+0.000
+0.000
+0.000
+0.360
+0.000
+0.000
+0.000
+0.000
+0.321
+0.000
+0.000
+0.000
+0.000
+0.313
+0.000
+0.000
+0.000
+0.000
+0.339
+0.000
+0.000
+0.000
+0.000
+0.385
+0.000
+0.000
+0.000
+0.000
+0.555
+0.000
+0.000
+0.000
+0.000
+0.776
+0.000
+0.000
+0.000
+0.000
+1.065
+0.000
+0.000
+0.000
+0.000
+1.331
+0.000
+0.000
+0.000
+0.000
+1.443
+0.000
+0.000
+0.000
+0.000
+1.470
+0.000
+0.000
+0.000
+0.000
+1.463
+0.000
+0.000
+0.000
+0.000
+1.379
+0.000
+0.000
+0.000
+0.000
+1.259
+0.000
+0.000
+0.000
+0.000
+0.946
+0.000
+0.000
+0.000
+0.000
+0.556
+0.000
+0.000
+0.000
+0.000
+0.207
+0.000
+0.000
+0.000
+0.000
-0.071
+0.000
+0.000
+0.000
+0.000
-0.371
+0.000
+0.000
+0.000
+0.000
-0.589
+0.000
+0.000
+0.000
+0.000
-0.695
+0.000
+0.000
+0.000
+0.000
-0.693
+0.000
+0.000
+0.000
+0.000
-0.637
+0.000
+0.000
+0.000
+0.000
-0.503
+0.000
+0.000
+0.000
+0.000
-0.279
+0.000
+0.000
+0.000
+0.000
-0.072
+0.000
+0.000
+0.000
+0.000
+0.284
+0.000
+0.000
+0.000
+0.000
+0.498
+0.000
+0.000
+0.000
+0.000
+0.711
+0.000
+0.000
+0.000
+0.000
+0.901
+0.000
+0.000
+0.000
+0.000
+1.042
+0.000
+0.000
+0.000
+0.000
+1.135
+0.000
+0.000
+0.000
+0.000
+1.269
+0.000
+0.000
+0.000
+0.000
+1.419
+0.000
+0.000
+0.000
+0.000
+1.431
+0.000
+0.000
+0.000
+0.000
+1.247
+0.000
+0.000
+0.000
+0.000
+0.992
+0.000
+0.000
+0.000
+0.000
+0.731
+0.000
+0.000
+0.000
+0.000
+0.435
+0.000
+0.000
+0.000
+0.000
+0.187
+0.000
+0.000
+0.000
+0.000
+0.002
+0.000
+0.000
+0.000
+0.000
-0.126
+0.000
+0.000
+0.000
+0.000
-0.191
+0.000
+0.000
+0.000
+0.000
-0.178
+0.000
+0.000
+0.000
+0.000
-0.195
+0.000
+0.000
+0.000
+0.000
-0.215
+0.000
+0.000
+0.000
+0.000
-0.190
+0.000
+0.000
+0.000
+0.000
-0.042
+0.000
+0.000
+0.000
+0.000
+0.130
+0.000
+0.000
+0.000
+0.000
+0.327
+0.000
+0.000
+0.000
+0.000
+0.543
+0.000
+0.000
+0.000
+0.000
+0.590
+0.000
+0.000
+0.000
+0.000
+0.575
+0.000
+0.000
+0.000
+0.000
+0.309
+0.000
+0.000
+0.000
+0.000
+0.003
+0.000
+0.000
+0.000
+0.000
-0.271
+0.000
+0.000
+0.000
+0.000
-0.476
+0.000
+0.000
+0.000
+0.000
-0.651
+0.000
+0.000
+0.000
+0.000
-0.728
+0.000
+0.000
+0.000
+0.000
-0.743
+0.000
+0.000
+0.000
+0.000
-0.815
+0.000
+0.000
+0.000
+0.000
-0.817
+0.000
+0.000
+0.000
+0.000
-0.789
+0.000
+0.000
+0.000
+0.000
-0.654
+0.000
+0.000
+0.000
+0.000
-0.473
+0.000
+0.000
+0.000
+0.000
-0.264
+0.000
+0.000
+0.000
+0.000
-0.035
+0.000
+0.000
+0.000
+0.000
+0.216
+0.000
+0.000
+0.000
+0.000
+0.477
+0.000
+0.000
+0.000
+0.000
+0.743
+0.000
+0.000
+0.000
+0.000
+0.862
+0.000
+0.000
+0.000
+0.000
+0.923
+0.000
+0.000
+0.000
+0.000
+0.963
+0.000
+0.000
+0.000
+0.000
+0.913
+0.000
+0.000
+0.000
+0.000
+0.764
+0.000
+0.000
+0.000
+0.000
+0.576
+0.000
+0.000
+0.000
+0.000
+0.455
+0.000
+0.000
+0.000
+0.000
+0.286
+0.000
+0.000
+0.000
+0.000
+0.148
+0.000
+0.000
+0.000
+0.000
+0.087
+0.000
+0.000
+0.000
+0.000
-0.561
+0.000
+0.000
+0.000
+0.000
-0.615
+0.000
+0.000
+0.000
+0.000
-0.674
+0.000
+0.000
+0.000
+0.000
-0.708
+0.000
+0.000
+0.000
+0.000
-0.732
+0.000
+0.000
+0.000
+0.000
-0.755
+0.000
+0.000
+0.000
+0.000
-0.723
+0.000
+0.000
+0.000
+0.000
-0.603
+0.000
+0.000
+0.000
+0.000
-0.480
+0.000
+0.000
+0.000
+0.000
-0.287
+0.000
+0.000
+0.000
+0.000
-0.051
+0.000
+0.000
+0.000
+0.000
+0.258
+0.000
+0.000
+0.000
+0.000
+0.553
+0.000
+0.000
+0.000
+0.000
+0.775
+0.000
+0.000
+0.000
+0.000
+0.943
+0.000
+0.000
+0.000
+0.000
+1.000
+0.000
+0.000
+0.000
+0.000
+0.952
+0.000
+0.000
+0.000
+0.000
+0.904
+0.000
+0.000
+0.000
+0.000
+0.745
+0.000
+0.000
+0.000
+0.000
+0.521
+0.000
+0.000
+0.000
+0.000
+0.374
+0.000
+0.000
+0.000
+0.000
+0.253
+0.000
+0.000
+0.000
+0.000
+0.148
+0.000
+0.000
+0.000
+0.000
+0.150
+0.000
+0.000
+0.000
+0.000
+0.197
+0.000
+0.000
+0.000
+0.000
+0.317
+0.000
+0.000
+0.000
+0.000
+0.323
+0.000
+0.000
+0.000
+0.000
+0.310
+0.000
+0.000
+0.000
+0.000
+0.258
+0.000
+0.000
+0.000
+0.000
+0.209
+0.000
+0.000
+0.000
+0.000
+0.215
+0.000
+0.000
+0.000
+0.000
+0.226
+0.000
+0.000
+0.000
+0.000
+0.437
+0.000
+0.000
+0.000
+0.000
+0.734
+0.000
+0.000
+0.000
+0.000
+0.829
+0.000
+0.000
+0.000
+0.000
+0.923
+0.000
+0.000
+0.000
+0.000
+1.016
+0.000
+0.000
+0.000
+0.000
+1.123
+0.000
+0.000
+0.000
+0.000
+1.296
+0.000
+0.000
+0.000
+0.000
+1.458
+0.000
+0.000
+0.000
+0.000
+1.629
+0.000
+0.000
+0.000
+0.000
+1.542
+0.000
+0.000
+0.000
+0.000
+1.170
+0.000
+0.000
+0.000
+0.000
+0.858
+0.000
+0.000
+0.000
+0.000
+0.538
+0.000
+0.000
+0.000
+0.000
+0.327
+0.000
+0.000
+0.000
+0.000
+0.164
+0.000
+0.000
+0.000
+0.000
+0.093
+0.000
+0.000
+0.000
+0.000
+0.162
+0.000
+0.000
+0.000
+0.000
+0.256
+0.000
+0.000
+0.000
+0.000
+0.368
+0.000
+0.000
+0.000
+0.000
+0.541
+0.000
+0.000
+0.000
+0.000
+0.756
+0.000
+0.000
+0.000
+0.000
+1.041
+0.000
+0.000
+0.000
+0.000
+1.529
+0.000
+0.000
+0.000
+0.000
+2.076
+0.000
+0.000
+0.000
+0.000
+2.407
+0.000
+0.000
+0.000
+0.000
+2.032
+0.000
+0.000
+0.000
+0.000
+1.409
+0.000
+0.000
+0.000
+0.000
+0.667
+0.000
+0.000
+0.000
+0.000
+0.135
+0.000
+0.000
+0.000
+0.000
-0.249
+0.000
+0.000
+0.000
+0.000
-0.539
+0.000
+0.000
+0.000
+0.000
-0.705
+0.000
+0.000
+0.000
+0.000
-0.832
+0.000
+0.000
+0.000
+0.000
-0.900
+0.000
+0.000
+0.000
+0.000
-0.915
+0.000
+0.000
+0.000
+0.000
-0.895
+0.000
+0.000
+0.000
+0.000
-0.798
+0.000
+0.000
+0.000
+0.000
-0.593
+0.000
+0.000
+0.000
+0.000
-0.331
+0.000
+0.000
+0.000
+0.000
-0.033
+0.000
+0.000
+0.000
+0.000
+0.252
+0.000
+0.000
+0.000
+0.000
+0.577
+0.000
+0.000
+0.000
+0.000
+0.907
+0.000
+0.000
+0.000
+0.000
+1.182
+0.000
+0.000
+0.000
+0.000
+1.675
+0.000
+0.000
+0.000
+0.000
+1.809
+0.000
+0.000
+0.000
+0.000
+1.949
+0.000
+0.000
+0.000
+0.000
+1.869
+0.000
+0.000
+0.000
+0.000
+1.597
+0.000
+0.000
+0.000
+0.000
+1.387
+0.000
+0.000
+0.000
+0.000
+1.243
+0.000
+0.000
+0.000
+0.000
+1.073
+0.000
+0.000
+0.000
+0.000
+0.925
+0.000
+0.000
+0.000
+0.000
+0.786
+0.000
+0.000
+0.000
+0.000
+0.411
+0.000
+0.000
+0.000
+0.000
+0.099
+0.000
+0.000
+0.000
+0.000
-0.146
+0.000
+0.000
+0.000
+0.000
-0.358
+0.000
+0.000
+0.000
+0.000
-0.476
+0.000
+0.000
+0.000
+0.000
-0.579
+0.000
+0.000
+0.000
+0.000
-0.634
+0.000
+0.000
+0.000
+0.000
-0.564
+0.000
+0.000
+0.000
+0.000
-0.447
+0.000
+0.000
+0.000
+0.000
-0.265
+0.000
+0.000
+0.000
+0.000
+0.016
+0.000
+0.000
+0.000
+0.000
+0.341
+0.000
+0.000
+0.000
+0.000
+0.782
+0.000
+0.000
+0.000
+0.000
+1.297
+0.000
+0.000
+0.000
+0.000
+1.515
+0.000
+0.000
+0.000
+0.000
+1.330
+0.000
+0.000
+0.000
+0.000
+0.866
+0.000
+0.000
+0.000
+0.000
+0.539
+0.000
+0.000
+0.000
+0.000
+0.240
+0.000
+0.000
+0.000
+0.000
-0.078
+0.000
+0.000
+0.000
+0.000
-0.387
+0.000
+0.000
+0.000
+0.000
-0.596
+0.000
+0.000
+0.000
+0.000
-0.658
+0.000
+0.000
+0.000
+0.000
-0.694
+0.000
+0.000
+0.000
+0.000
-0.676
+0.000
+0.000
+0.000
+0.000
-0.625
+0.000
+0.000
+0.000
+0.000
-0.506
+0.000
+0.000
+0.000
+0.000
-0.237
+0.000
+0.000
+0.000
+0.000
+0.070
+0.000
+0.000
+0.000
+0.000
+0.397
+0.000
+0.000
+0.000
+0.000
+0.794
+0.000
+0.000
+0.000
+0.000
+1.131
+0.000
+0.000
+0.000
+0.000
+1.389
+0.000
+0.000
+0.000
+0.000
+1.355
+0.000
+0.000
+0.000
+0.000
+1.168
+0.000
+0.000
+0.000
+0.000
+0.988
+0.000
+0.000
+0.000
+0.000
+0.857
+0.000
+0.000
+0.000
+0.000
+0.218
+0.000
+0.000
+0.000
+0.000
-0.033
+0.000
+0.000
+0.000
+0.000
-0.268
+0.000
+0.000
+0.000
+0.000
-0.412
+0.000
+0.000
+0.000
+0.000
-0.585
+0.000
+0.000
+0.000
+0.000
-0.745
+0.000
+0.000
+0.000
+0.000
-0.785
+0.000
+0.000
+0.000
+0.000
-0.899
+0.000
+0.000
+0.000
+0.000
-1.007
+0.000
+0.000
+0.000
+0.000
-1.132
+0.000
+0.000
+0.000
+0.000
-1.237
+0.000
+0.000
+0.000
+0.000
-1.318
+0.000
+0.000
+0.000
+0.000
-1.281
+0.000
+0.000
+0.000
+0.000
-0.668
+0.000
+0.000
+0.000
+0.000
-0.230
+0.000
+0.000
+0.000
+0.000
+0.239
+0.000
+0.000
+0.000
+0.000
+0.693
+0.000
+0.000
+0.000
+0.000
+1.089
+0.000
+0.000
+0.000
+0.000
+1.378
+0.000
+0.000
+0.000
+0.000
+1.638
+0.000
+0.000
+0.000
+0.000
+1.787
+0.000
+0.000
+0.000
+0.000
+1.112
+0.000
+0.000
+0.000
+0.000
+0.095
+0.000
+0.000
+0.000
+0.000
-0.924
+0.000
+0.000
+0.000
+0.000
-1.631
+0.000
+0.000
+0.000
+0.000
-2.158
+0.000
+0.000
+0.000
+0.000
-2.543
+0.000
+0.000
+0.000
+0.000
-2.633
+0.000
+0.000
+0.000
+0.000
-2.264
+0.000
+0.000
+0.000
+0.000
-1.727
+0.000
+0.000
+0.000
+0.000
-1.217
+0.000
+0.000
+0.000
+0.000
-0.512
+0.000
+0.000
+0.000
+0.000
+0.072
+0.000
+0.000
+0.000
+0.000
+0.547
+0.000
+0.000
+0.000
+0.000
+1.007
+0.000
+0.000
+0.000
+0.000
+1.314
+0.000
+0.000
+0.000
+0.000
+1.508
+0.000
+0.000
+0.000
+0.000
+1.510
+0.000
+0.000
+0.000
+0.000
+1.451
+0.000
+0.000
+0.000
+0.000
+1.278
+0.000
+0.000
+0.000
+0.000
+1.033
+0.000
+0.000
+0.000
+0.000
+0.714
+0.000
+0.000
+0.000
+0.000
+0.431
+0.000
+0.000
+0.000
+0.000
+0.198
+0.000
+0.000
+0.000
+0.000
-0.119
+0.000
+0.000
+0.000
+0.000
-0.390
+0.000
+0.000
+0.000
+0.000
-0.678
+0.000
+0.000
+0.000
+0.000
-1.041
+0.000
+0.000
+0.000
+0.000
-1.314
+0.000
+0.000
+0.000
+0.000
-1.412
+0.000
+0.000
+0.000
+0.000
-1.461
+0.000
+0.000
+0.000
+0.000
-1.339
+0.000
+0.000
+0.000
+0.000
-1.212
+0.000
+0.000
+0.000
+0.000
-1.120
+0.000
+0.000
+0.000
+0.000
-1.072
+0.000
+0.000
+0.000
+0.000
-0.977
+0.000
+0.000
+0.000
+0.000
-0.860
+0.000
+0.000
+0.000
+0.000
-0.754
+0.000
+0.000
+0.000
+0.000
-0.697
+0.000
+0.000
+0.000
+0.000
-0.776
+0.000
+0.000
+0.000
+0.000
-1.081
+0.000
+0.000
+0.000
+0.000
-1.482
+0.000
+0.000
+0.000
+0.000
-2.117
+0.000
+0.000
+0.000
+0.000
-3.185
+0.000
+0.000
+0.000
+0.000
-5.463
+0.000
+0.000
+0.000
+0.000
-15.60
+0.000
+0.000
+0.000
+0.000
-32.85
+0.000
+0.000
+0.000
+0.000
-92.95
+0.000
+0.000
+0.000
+0.000
-37.22
+0.000
+0.000
+0.000
+0.000
-138.6
+0.000
+0.000
+0.000
+0.000
-10.54
+0.000
+0.000
+0.000
+0.000
-1.856
+0.000
+0.000
+0.000
+0.000
-0.119
+0.000
+0.000
+0.000
+0.000
+0.869
+0.000
+0.000
+0.000
+0.000
+1.267
+0.000
+0.000
+0.000
+0.000
+1.448
+0.000
+0.000
+0.000
+0.000
+1.484
+0.000
+0.000
+0.000
+0.000
+1.385
+0.000
+0.000
+0.000
+0.000
+1.281
+0.000
+0.000
+0.000
+0.000
+1.117
+0.000
+0.000
+0.000
+0.000
+0.919
+0.000
+0.000
+0.000
+0.000
+0.693
+0.000
+0.000
+0.000
+0.000
+0.387
+0.000
+0.000
+0.000
+0.000
+0.038
+0.000
+0.000
+0.000
+0.000
-0.404
+0.000
+0.000
+0.000
+0.000
-0.720
+0.000
+0.000
+0.000
+0.000
-1.021
+0.000
+0.000
+0.000
+0.000
-1.349
+0.000
+0.000
+0.000
+0.000
-1.476
+0.000
+0.000
+0.000
+0.000
-1.565
+0.000
+0.000
+0.000
+0.000
-1.637
+0.000
+0.000
+0.000
+0.000
-1.616
+0.000
+0.000
+0.000
+0.000
-1.582
+0.000
+0.000
+0.000
+0.000
-1.518
+0.000
+0.000
+0.000
+0.000
-1.299
+0.000
+0.000
+0.000
+0.000
-1.002
+0.000
+0.000
+0.000
+0.000
-0.640
+0.000
+0.000
+0.000
+0.000
-0.159
+0.000
+0.000
+0.000
+0.000
+0.505
+0.000
+0.000
+0.000
+0.000
+1.593
+0.000
+0.000
+0.000
+0.000
+2.559
+0.000
+0.000
+0.000
+0.000
+2.990
+0.000
+0.000
+0.000
+0.000
+3.407
+0.000
+0.000
+0.000
+0.000
+4.021
+0.000
+0.000
+0.000
+0.000
+4.934
+0.000
+0.000
+0.000
+0.000
+5.915
+0.000
+0.000
+0.000
+0.000
+6.401
+0.000
+0.000
+0.000
+0.000
+5.142
+0.000
+0.000
+0.000
+0.000
+3.758
+0.000
+0.000
+0.000
+0.000
+2.608
+0.000
+0.000
+0.000
+0.000
+1.878
+0.000
+0.000
+0.000
+0.000
+1.438
+0.000
+0.000
+0.000
+0.000
+1.190
+0.000
+0.000
+0.000
+0.000
+1.048
+0.000
+0.000
+0.000
+0.000
+0.922
+0.000
+0.000
+0.000
+0.000
+0.803
+0.000
+0.000
+0.000
+0.000
+0.688
+0.000
+0.000
+0.000
+0.000
+0.535
+0.000
+0.000
+0.000
+0.000
+0.307
+0.000
+0.000
+0.000
+0.000
+0.402
+0.000
+0.000
+0.000
+0.000
+0.729
+0.000
+0.000
+0.000
+0.000
+1.070
+0.000
+0.000
+0.000
+0.000
+1.249
+0.000
+0.000
+0.000
+0.000
+1.008
+0.000
+0.000
+0.000
+0.000
+0.715
+0.000
+0.000
+0.000
+0.000
+0.392
+0.000
+0.000
+0.000
+0.000
+0.136
+0.000
+0.000
+0.000
+0.000
-0.063
+0.000
+0.000
+0.000
+0.000
-0.300
+0.000
+0.000
+0.000
+0.000
-0.662
+0.000
+0.000
+0.000
+0.000
-1.509
+0.000
+0.000
+0.000
+0.000
-3.445
+0.000
+0.000
+0.000
+0.000
-10.22
+0.000
+0.000
+0.000
+0.000
-25.39
+0.000
+0.000
+0.000
+0.000
-14.26
+0.000
+0.000
+0.000
+0.000
-10.71
+0.000
+0.000
+0.000
+0.000
-9.163
+0.000
+0.000
+0.000
+0.000
-7.501
+0.000
+0.000
+0.000
+0.000
-6.839
+0.000
+0.000
+0.000
+0.000
-6.151
+0.000
+0.000
+0.000
+0.000
-5.438
+0.000
+0.000
+0.000
+0.000
-5.165
+0.000
+0.000
+0.000
+0.000
-5.113
+0.000
+0.000
+0.000
+0.000
-4.975
+0.000
+0.000
+0.000
+0.000
-4.020
+0.000
+0.000
+0.000
+0.000
-2.768
+0.000
+0.000
+0.000
+0.000
-1.884
+0.000
+0.000
+0.000
+0.000
-1.301
+0.000
+0.000
+0.000
+0.000
-0.867
+0.000
+0.000
+0.000
+0.000
-0.641
+0.000
+0.000
+0.000
+0.000
-0.578
+0.000
+0.000
+0.000
+0.000
-0.658
+0.000
+0.000
+0.000
+0.000
-0.789
+0.000
+0.000
+0.000
+0.000
-0.965
+0.000
+0.000
+0.000
+0.000
-1.056
+0.000
+0.000
+0.000
+0.000
-1.115
+0.000
+0.000
+0.000
+0.000
-1.204
+0.000
+0.000
+0.000
+0.000
-1.226
+0.000
+0.000
+0.000
+0.000
-1.121
+0.000
+0.000
+0.000
+0.000
-1.012
+0.000
+0.000
+0.000
+0.000
-1.002
+0.000
+0.000
+0.000
+0.000
-1.201
+0.000
+0.000
+0.000
+0.000
-1.438
+0.000
+0.000
+0.000
+0.000
-1.853
+0.000
+0.000
+0.000
+0.000
-2.531
+0.000
+0.000
+0.000
+0.000
-3.522
+0.000
+0.000
+0.000
+0.000
-5.380
+0.000
+0.000
+0.000
+0.000
-9.897
+0.000
+0.000
+0.000
+0.000
-14.77
+0.000
+0.000
+0.000
+0.000
-23.76
+0.000
+0.000
+0.000
+0.000
-47.31
+0.000
+0.000
+0.000
+0.000
-164.1
+0.000
+0.000
+0.000
+0.000
-17.32
+0.000
+0.000
+0.000
+0.000
-7.453
+0.000
+0.000
+0.000
+0.000
-4.620
+0.000
+0.000
+0.000
+0.000
-2.808
+0.000
+0.000
+0.000
+0.000
-1.564
+0.000
+0.000
+0.000
+0.000
-0.857
+0.000
+0.000
+0.000
+0.000
-0.464
+0.000
+0.000
+0.000
+0.000
-0.280
+0.000
+0.000
+0.000
+0.000
-0.180
+0.000
+0.000
+0.000
+0.000
-0.137
+0.000
+0.000
+0.000
+0.000
-0.133
+0.000
+0.000
+0.000
+0.000
-0.155
+0.000
+0.000
+0.000
+0.000
-0.164
+0.000
+0.000
+0.000
+0.000
-0.199
+0.000
+0.000
+0.000
+0.000
-0.237
+0.000
+0.000
+0.000
+0.000
-0.271
+0.000
+0.000
+0.000
+0.000
-0.272
+0.000
+0.000
+0.000
+0.000
-0.297
+0.000
+0.000
+0.000
+0.000
-0.400
+0.000
+0.000
+0.000
+0.000
-0.297
+0.000
+0.000
+0.000
+0.000
-0.074
+0.000
+0.000
+0.000
+0.000
-0.234
+0.000
+0.000
+0.000
+0.000
-0.756
+0.000
+0.000
+0.000
+0.000
-1.326
+0.000
+0.000
+0.000
+0.000
-16.78
+0.000
+0.000
+0.000
+0.000
-3.458
+0.000
+0.000
+0.000
+0.000
-5.334
+0.000
+0.000
+0.000
+0.000
-53.37
+0.000
+0.000
+0.000
+0.000
-8.289
+0.000
+0.000
+0.000
+0.000
-4.558
+0.000
+0.000
+0.000
+0.000
-4.604
+0.000
+0.000
+0.000
+0.000
-6.795
+0.000
+0.000
+0.000
+0.000
-14.00
+0.000
+0.000
+0.000
+0.000
-16.01
+0.000
+0.000
+0.000
+0.000
-6.568
+0.000
+0.000
+0.000
+0.000
-5.180
+0.000
+0.000
+0.000
+0.000
-2.522
+0.000
+0.000
+0.000
+0.000
-1.884
+0.000
+0.000
+0.000
+0.000
-1.752
+0.000
+0.000
+0.000
+0.000
-1.944
+0.000
+0.000
+0.000
+0.000
-2.426
+0.000
+0.000
+0.000
+0.000
-3.926
+0.000
+0.000
+0.000
+0.000
-13.68
+0.000
+0.000
+0.000
+0.000
-34.29
+0.000
+0.000
+0.000
+0.000
-4.871
+0.000
+0.000
+0.000
+0.000
-1.761
+0.000
+0.000
+0.000
+0.000
-1.411
+0.000
+0.000
+0.000
+0.000
-1.629
+0.000
+0.000
+0.000
+0.000
-2.089
+0.000
+0.000
+0.000
+0.000
-2.545
+0.000
+0.000
+0.000
+0.000
-3.042
+0.000
+0.000
+0.000
+0.000
-3.400
+0.000
+0.000
+0.000
+0.000
-3.491
+0.000
+0.000
+0.000
+0.000
-3.303
+0.000
+0.000
+0.000
+0.000
-2.980
+0.000
+0.000
+0.000
+0.000
-2.519
+0.000
+0.000
+0.000
+0.000
-2.009
+0.000
+0.000
+0.000
+0.000
-1.564
+0.000
+0.000
+0.000
+0.000
-1.302
+0.000
+0.000
+0.000
+0.000
-1.166
+0.000
+0.000
+0.000
+0.000
-1.132
+0.000
+0.000
+0.000
+0.000
-1.297
+0.000
+0.000
+0.000
+0.000
-1.639
+0.000
+0.000
+0.000
+0.000
-1.911
+0.000
+0.000
+0.000
+0.000
-2.118
+0.000
+0.000
+0.000
+0.000
-2.304
+0.000
+0.000
+0.000
+0.000
-2.455
+0.000
+0.000
+0.000
+0.000
-2.542
+0.000
+0.000
+0.000
+0.000
-2.699
+0.000
+0.000
+0.000
+0.000
-3.028
+0.000
+0.000
+0.000
+0.000
-3.353
+0.000
+0.000
+0.000
+0.000
-4.215
+0.000
+0.000
+0.000
+0.000
-7.315
+0.000
+0.000
+0.000
+0.000
-215.1
+0.000
+0.000
+0.000
+0.000
-5.368
+0.000
+0.000
+0.000
+0.000
-2.926
+0.000
+0.000
+0.000
+0.000
-2.307
+0.000
+0.000
+0.000
+0.000
-2.049
+0.000
+0.000
+0.000
+0.000
-1.969
+0.000
+0.000
+0.000
+0.000
-1.990
+0.000
+0.000
+0.000
+0.000
-2.100
+0.000
+0.000
+0.000
+0.000
-2.278
+0.000
+0.000
+0.000
+0.000
-2.590
+0.000
+0.000
+0.000
+0.000
-2.912
+0.000
+0.000
+0.000
+0.000
-3.391
+0.000
+0.000
+0.000
+0.000
-4.058
+0.000
+0.000
+0.000
+0.000
-4.746
+0.000
+0.000
+0.000
+0.000
-4.945
+0.000
+0.000
+0.000
+0.000
-3.418
+0.000
+0.000
+0.000
+0.000
-2.385
+0.000
+0.000
+0.000
+0.000
-2.032
+0.000
+0.000
+0.000
+0.000
-1.954
+0.000
+0.000
+0.000
+0.000
-2.050
+0.000
+0.000
+0.000
+0.000
-2.204
+0.000
+0.000
+0.000
+0.000
-2.412
+0.000
+0.000
+0.000
+0.000
-2.751
+0.000
+0.000
+0.000
+0.000
-3.245
+0.000
+0.000
+0.000
+0.000
-3.495
+0.000
+0.000
+0.000
+0.000
-3.213
+0.000
+0.000
+0.000
+0.000
-2.378
+0.000
+0.000
+0.000
+0.000
-1.695
+0.000
+0.000
+0.000
+0.000
-1.133
+0.000
+0.000
+0.000
+0.000
-0.568
+0.000
+0.000
+0.000
+0.000
-0.010
+0.000
+0.000
+0.000
+0.000
+0.363
+0.000
+0.000
+0.000
+0.000
+0.509
+0.000
+0.000
+0.000
+0.000
+0.571
+0.000
+0.000
+0.000
+0.000
+0.550
+0.000
+0.000
+0.000
+0.000
+0.437
+0.000
+0.000
+0.000
+0.000
+0.153
+0.000
+0.000
+0.000
+0.000
-0.222
+0.000
+0.000
+0.000
+0.000
-0.682
+0.000
+0.000
+0.000
+0.000
-1.308
+0.000
+0.000
+0.000
+0.000
-2.340
+0.000
+0.000
+0.000
+0.000
-3.902
+0.000
+0.000
+0.000
+0.000
-5.284
+0.000
+0.000
+0.000
+0.000
-4.701
+0.000
+0.000
+0.000
+0.000
-3.713
+0.000
+0.000
+0.000
+0.000
-2.273
+0.000
+0.000
+0.000
+0.000
-1.392
+0.000
+0.000
+0.000
+0.000
-0.964
+0.000
+0.000
+0.000
+0.000
-0.671
+0.000
+0.000
+0.000
+0.000
-0.487
+0.000
+0.000
+0.000
+0.000
-0.431
+0.000
+0.000
+0.000
+0.000
-0.429
+0.000
+0.000
+0.000
+0.000
-0.425
+0.000
+0.000
+0.000
+0.000
-0.422
+0.000
+0.000
+0.000
+0.000
-0.468
+0.000
+0.000
+0.000
+0.000
-0.574
+0.000
+0.000
+0.000
+0.000
-0.677
+0.000
+0.000
+0.000
+0.000
-0.695
+0.000
+0.000
+0.000
+0.000
-0.732
+0.000
+0.000
+0.000
+0.000
-0.690
+0.000
+0.000
+0.000
+0.000
-0.675
+0.000
+0.000
+0.000
+0.000
-0.663
+0.000
+0.000
+0.000
+0.000
-0.607
+0.000
+0.000
+0.000
+0.000
-0.542
+0.000
+0.000
+0.000
+0.000
-0.494
+0.000
+0.000
+0.000
+0.000
-0.516
+0.000
+0.000
+0.000
+0.000
-0.623
+0.000
+0.000
+0.000
+0.000
-0.817
+0.000
+0.000
+0.000
+0.000
-1.080
+0.000
+0.000
+0.000
+0.000
-1.531
+0.000
+0.000
+0.000
+0.000
-2.152
+0.000
+0.000
+0.000
+0.000
-2.264
+0.000
+0.000
+0.000
+0.000
-1.744
+0.000
+0.000
+0.000
+0.000
-1.129
+0.000
+0.000
+0.000
+0.000
-0.707
+0.000
+0.000
+0.000
+0.000
-0.365
+0.000
+0.000
+0.000
+0.000
-0.139
+0.000
+0.000
+0.000
+0.000
+0.030
+0.000
+0.000
+0.000
+0.000
+0.206
+0.000
+0.000
+0.000
+0.000
+0.398
+0.000
+0.000
+0.000
+0.000
+0.543
+0.000
+0.000
+0.000
+0.000
+0.492
+0.000
+0.000
+0.000
+0.000
+0.368
+0.000
+0.000
+0.000
+0.000
+0.154
+0.000
+0.000
+0.000
+0.000
+0.137
+0.000
+0.000
+0.000
+0.000
+0.328
+0.000
+0.000
+0.000
+0.000
+0.449
+0.000
+0.000
+0.000
+0.000
+0.610
+0.000
+0.000
+0.000
+0.000
+0.527
+0.000
+0.000
+0.000
+0.000
+0.385
+0.000
+0.000
+0.000
+0.000
+0.240
+0.000
+0.000
+0.000
+0.000
+0.072
+0.000
+0.000
+0.000
+0.000
-0.075
+0.000
+0.000
+0.000
+0.000
-0.210
+0.000
+0.000
+0.000
+0.000
-0.347
+0.000
+0.000
+0.000
+0.000
-0.524
+0.000
+0.000
+0.000
+0.000
-0.765
+0.000
+0.000
+0.000
+0.000
-1.043
+0.000
+0.000
+0.000
+0.000
-1.193
+0.000
+0.000
+0.000
+0.000
-1.374
+0.000
+0.000
+0.000
+0.000
-1.376
+0.000
+0.000
+0.000
+0.000
-1.201
+0.000
+0.000
+0.000
+0.000
-0.972
+0.000
+0.000
+0.000
+0.000
-0.742
+0.000
+0.000
+0.000
+0.000
-0.625
+0.000
+0.000
+0.000
+0.000
-0.566
+0.000
+0.000
+0.000
+0.000
-0.522
+0.000
+0.000
+0.000
+0.000
-0.488
+0.000
+0.000
+0.000
+0.000
-0.406
+0.000
+0.000
+0.000
+0.000
-0.307
+0.000
+0.000
+0.000
+0.000
-0.217
+0.000
+0.000
+0.000
+0.000
-0.163
+0.000
+0.000
+0.000
+0.000
-0.141
+0.000
+0.000
+0.000
+0.000
-0.124
+0.000
+0.000
+0.000
+0.000
-0.081
+0.000
+0.000
+0.000
+0.000
-0.048
+0.000
+0.000
+0.000
+0.000
+0.040
+0.000
+0.000
+0.000
+0.000
+0.160
+0.000
+0.000
+0.000
+0.000
+0.232
+0.000
+0.000
+0.000
+0.000
+0.289
+0.000
+0.000
+0.000
+0.000
+0.334
+0.000
+0.000
+0.000
+0.000
+0.354
+0.000
+0.000
+0.000
+0.000
+0.359
+0.000
+0.000
+0.000
+0.000
+0.387
+0.000
+0.000
+0.000
+0.000
+0.404
+0.000
+0.000
+0.000
+0.000
+0.375
+0.000
+0.000
+0.000
+0.000
+0.331
+0.000
+0.000
+0.000
+0.000
+0.245
+0.000
+0.000
+0.000
+0.000
+0.063
+0.000
+0.000
+0.000
+0.000
-0.149
+0.000
+0.000
+0.000
+0.000
-0.304
+0.000
+0.000
+0.000
+0.000
-0.458
+0.000
+0.000
+0.000
+0.000
-0.533
+0.000
+0.000
+0.000
+0.000
-0.594
+0.000
+0.000
+0.000
+0.000
-0.583
+0.000
+0.000
+0.000
+0.000
-0.497
+0.000
+0.000
+0.000
+0.000
-0.266
+0.000
+0.000
+0.000
+0.000
+0.067
+0.000
+0.000
+0.000
+0.000
+0.342
+0.000
+0.000
+0.000
+0.000
+0.505
+0.000
+0.000
+0.000
+0.000
+0.690
+0.000
+0.000
+0.000
+0.000
+0.838
+0.000
+0.000
+0.000
+0.000
+0.769
+0.000
+0.000
+0.000
+0.000
+0.659
+0.000
+0.000
+0.000
+0.000
+0.596
+0.000
+0.000
+0.000
+0.000
+0.591
+0.000
+0.000
+0.000
+0.000
+0.554
+0.000
+0.000
+0.000
+0.000
+0.564
+0.000
+0.000
+0.000
+0.000
+0.578
+0.000
+0.000
+0.000
+0.000
+0.588
+0.000
+0.000
+0.000
+0.000
+0.680
+0.000
+0.000
+0.000
+0.000
+0.778
+0.000
+0.000
+0.000
+0.000
+0.882
+0.000
+0.000
+0.000
+0.000
+1.012
+0.000
+0.000
+0.000
+0.000
+1.135
+0.000
+0.000
+0.000
+0.000
+1.211
+0.000
+0.000
+0.000
+0.000
+1.400
+0.000
+0.000
+0.000
+0.000
+1.544
+0.000
+0.000
+0.000
+0.000
+1.646
+0.000
+0.000
+0.000
+0.000
+1.696
+0.000
+0.000
+0.000
+0.000
+1.747
+0.000
+0.000
+0.000
+0.000
+1.753
+0.000
+0.000
+0.000
+0.000
+1.736
+0.000
+0.000
+0.000
+0.000
+1.682
+0.000
+0.000
+0.000
+0.000
+1.617
+0.000
+0.000
+0.000
+0.000
+1.561
+0.000
+0.000
+0.000
+0.000
+1.485
+0.000
+0.000
+0.000
+0.000
+1.284
+0.000
+0.000
+0.000
+0.000
+1.085
+0.000
+0.000
+0.000
+0.000
+0.928
+0.000
+0.000
+0.000
+0.000
+0.753
+0.000
+0.000
+0.000
+0.000
+0.536
+0.000
+0.000
+0.000
+0.000
+0.355
+0.000
+0.000
+0.000
+0.000
+0.186
+0.000
+0.000
+0.000
+0.000
+0.009
+0.000
+0.000
+0.000
+0.000
-0.167
+0.000
+0.000
+0.000
+0.000
-0.324
+0.000
+0.000
+0.000
+0.000
-0.493
+0.000
+0.000
+0.000
+0.000
-0.560
+0.000
+0.000
+0.000
+0.000
-0.534
+0.000
+0.000
+0.000
+0.000
-0.484
+0.000
+0.000
+0.000
+0.000
-0.407
+0.000
+0.000
+0.000
+0.000
-0.330
+0.000
+0.000
+0.000
+0.000
-0.220
+0.000
+0.000
+0.000
+0.000
-0.053
+0.000
+0.000
+0.000
+0.000
+0.103
+0.000
+0.000
+0.000
+0.000
+0.236
+0.000
+0.000
+0.000
+0.000
+0.343
+0.000
+0.000
+0.000
+0.000
+0.409
+0.000
+0.000
+0.000
+0.000
+0.327
+0.000
+0.000
+0.000
+0.000
+0.144
+0.000
+0.000
+0.000
+0.000
-0.053
+0.000
+0.000
+0.000
+0.000
-0.252
+0.000
+0.000
+0.000
+0.000
-0.359
+0.000
+0.000
+0.000
+0.000
-0.432
+0.000
+0.000
+0.000
+0.000
-0.473
+0.000
+0.000
+0.000
+0.000
-0.525
+0.000
+0.000
+0.000
+0.000
-0.516
+0.000
+0.000
+0.000
+0.000
-0.528
+0.000
+0.000
+0.000
+0.000
-0.496
+0.000
+0.000
+0.000
+0.000
-0.484
+0.000
+0.000
+0.000
+0.000
-0.462
+0.000
+0.000
+0.000
+0.000
-0.362
+0.000
+0.000
+0.000
+0.000
-0.322
+0.000
+0.000
+0.000
+0.000
-0.296
+0.000
+0.000
+0.000
+0.000
-0.280
+0.000
+0.000
+0.000
+0.000
-0.253
+0.000
+0.000
+0.000
+0.000
-0.247
+0.000
+0.000
+0.000
+0.000
-0.153
+0.000
+0.000
+0.000
+0.000
+0.001
+0.000
+0.000
+0.000
+0.000
+0.155
+0.000
+0.000
+0.000
+0.000
+0.278
+0.000
+0.000
+0.000
+0.000
+0.363
+0.000
+0.000
+0.000
+0.000
+0.396
+0.000
+0.000
+0.000
+0.000
+0.353
+0.000
+0.000
+0.000
+0.000
+0.312
+0.000
+0.000
+0.000
+0.000
+0.243
+0.000
+0.000
+0.000
+0.000
+0.150
+0.000
+0.000
+0.000
+0.000
+0.032
+0.000
+0.000
+0.000
+0.000
-0.146
+0.000
+0.000
+0.000
+0.000
-0.309
+0.000
+0.000
+0.000
+0.000
-0.451
+0.000
+0.000
+0.000
+0.000
-0.551
+0.000
+0.000
+0.000
+0.000
-0.655
+0.000
+0.000
+0.000
+0.000
-0.750
+0.000
+0.000
+0.000
+0.000
-0.819
+0.000
+0.000
+0.000
+0.000
-0.875
+0.000
+0.000
+0.000
+0.000
-0.946
+0.000
+0.000
+0.000
+0.000
-0.997
+0.000
+0.000
+0.000
+0.000
-1.012
+0.000
+0.000
+0.000
+0.000
-0.943
+0.000
+0.000
+0.000
+0.000
-0.772
+0.000
+0.000
+0.000
+0.000
-0.579
+0.000
+0.000
+0.000
+0.000
-0.395
+0.000
+0.000
+0.000
+0.000
-0.222
+0.000
+0.000
+0.000
+0.000
-0.062
+0.000
+0.000
+0.000
+0.000
+0.080
+0.000
+0.000
+0.000
+0.000
+0.134
+0.000
+0.000
+0.000
+0.000
+0.142
+0.000
+0.000
+0.000
+0.000
+0.146
+0.000
+0.000
+0.000
+0.000
+0.095
+0.000
+0.000
+0.000
+0.000
-0.099
+0.000
+0.000
+0.000
+0.000
-0.299
+0.000
+0.000
+0.000
+0.000
-0.519
+0.000
+0.000
+0.000
+0.000
-0.751
+0.000
+0.000
+0.000
+0.000
-0.916
+0.000
+0.000
+0.000
+0.000
-1.073
+0.000
+0.000
+0.000
+0.000
-1.181
+0.000
+0.000
+0.000
+0.000
-1.197
+0.000
+0.000
+0.000
+0.000
-1.077
+0.000
+0.000
+0.000
+0.000
-0.972
+0.000
+0.000
+0.000
+0.000
-0.871
+0.000
+0.000
+0.000
+0.000
-0.837
+0.000
+0.000
+0.000
+0.000
-0.709
+0.000
+0.000
+0.000
+0.000
-0.461
+0.000
+0.000
+0.000
+0.000
-0.062
+0.000
+0.000
+0.000
+0.000
+0.497
+0.000
+0.000
+0.000
+0.000
+1.426
+0.000
+0.000
+0.000
+0.000
+2.407
+0.000
+0.000
+0.000
+0.000
+5.200
+0.000
+0.000
+0.000
+0.000
+6.365
+0.000
+0.000
+0.000
+0.000
+3.578
+0.000
+0.000
+0.000
+0.000
+2.392
+0.000
+0.000
+0.000
+0.000
+1.889
+0.000
+0.000
+0.000
+0.000
+1.657
+0.000
+0.000
+0.000
+0.000
+1.558
+0.000
+0.000
+0.000
+0.000
+1.445
+0.000
+0.000
+0.000
+0.000
+1.221
+0.000
+0.000
+0.000
+0.000
+1.018
+0.000
+0.000
+0.000
+0.000
+0.823
+0.000
+0.000
+0.000
+0.000
+0.642
+0.000
+0.000
+0.000
+0.000
+0.492
+0.000
+0.000
+0.000
+0.000
+0.386
+0.000
+0.000
+0.000
+0.000
+0.316
+0.000
+0.000
+0.000
+0.000
+0.275
+0.000
+0.000
+0.000
+0.000
+0.262
+0.000
+0.000
+0.000
+0.000
+0.280
+0.000
+0.000
+0.000
+0.000
+0.296
+0.000
+0.000
+0.000
+0.000
+0.330
+0.000
+0.000
+0.000
+0.000
+0.383
+0.000
+0.000
+0.000
+0.000
+0.434
+0.000
+0.000
+0.000
+0.000
+0.468
+0.000
+0.000
+0.000
+0.000
+0.482
+0.000
+0.000
+0.000
+0.000
+0.476
+0.000
+0.000
+0.000
+0.000
+0.484
+0.000
+0.000
+0.000
+0.000
+0.423
+0.000
+0.000
+0.000
+0.000
+0.380
+0.000
+0.000
+0.000
+0.000
+0.343
+0.000
+0.000
+0.000
+0.000
+0.293
+0.000
+0.000
+0.000
+0.000
+0.269
+0.000
+0.000
+0.000
+0.000
+0.250
+0.000
+0.000
+0.000
+0.000
+0.239
+0.000
+0.000
+0.000
+0.000
+0.505
+0.000
+0.000
+0.000
+0.000
+0.801
+0.000
+0.000
+0.000
+0.000
+1.040
+0.000
+0.000
+0.000
+0.000
+1.269
+0.000
+0.000
+0.000
+0.000
+1.446
+0.000
+0.000
+0.000
+0.000
+1.642
+0.000
+0.000
+0.000
+0.000
+1.655
+0.000
+0.000
+0.000
+0.000
+1.528
+0.000
+0.000
+0.000
+0.000
+1.452
+0.000
+0.000
+0.000
+0.000
+1.409
+0.000
+0.000
+0.000
+0.000
+1.326
+0.000
+0.000
+0.000
+0.000
+1.197
+0.000
+0.000
+0.000
+0.000
+1.102
+0.000
+0.000
+0.000
+0.000
+1.017
+0.000
+0.000
+0.000
+0.000
+0.927
+0.000
+0.000
+0.000
+0.000
+0.878
+0.000
+0.000
+0.000
+0.000
+0.825
+0.000
+0.000
+0.000
+0.000
+0.753
+0.000
+0.000
+0.000
+0.000
+0.713
+0.000
+0.000
+0.000
+0.000
+0.774
+0.000
+0.000
+0.000
+0.000
+0.882
+0.000
+0.000
+0.000
+0.000
+0.969
+0.000
+0.000
+0.000
+0.000
+1.007
+0.000
+0.000
+0.000
+0.000
+0.990
+0.000
+0.000
+0.000
+0.000
+0.956
+0.000
+0.000
+0.000
+0.000
+0.919
+0.000
+0.000
+0.000
+0.000
+0.858
+0.000
+0.000
+0.000
+0.000
+0.835
+0.000
+0.000
+0.000
+0.000
+0.812
+0.000
+0.000
+0.000
+0.000
+0.818
+0.000
+0.000
+0.000
+0.000
+0.824
+0.000
+0.000
+0.000
+0.000
+0.836
+0.000
+0.000
+0.000
+0.000
+0.862
+0.000
+0.000
+0.000
+0.000
+0.857
+0.000
+0.000
+0.000
+0.000
+0.820
+0.000
+0.000
+0.000
+0.000
+0.836
+0.000
+0.000
+0.000
+0.000
+0.851
+0.000
+0.000
+0.000
+0.000
+0.860
+0.000
+0.000
+0.000
+0.000
+0.931
+0.000
+0.000
+0.000
+0.000
+0.990
+0.000
+0.000
+0.000
+0.000
+1.056
+0.000
+0.000
+0.000
+0.000
+1.119
+0.000
+0.000
+0.000
+0.000
+1.175
+0.000
+0.000
+0.000
+0.000
+1.210
+0.000
+0.000
+0.000
+0.000
+1.210
+0.000
+0.000
+0.000
+0.000
+1.187
+0.000
+0.000
+0.000
+0.000
+1.180
+0.000
+0.000
+0.000
+0.000
+1.155
+0.000
+0.000
+0.000
+0.000
+1.040
+0.000
+0.000
+0.000
+0.000
+0.898
+0.000
+0.000
+0.000
+0.000
+0.773
+0.000
+0.000
+0.000
+0.000
+0.671
+0.000
+0.000
+0.000
+0.000
+0.679
+0.000
+0.000
+0.000
+0.000
+0.771
+0.000
+0.000
+0.000
+0.000
+0.836
+0.000
+0.000
+0.000
+0.000
+0.906
+0.000
+0.000
+0.000
+0.000
+0.941
+0.000
+0.000
+0.000
+0.000
+0.985
+0.000
+0.000
+0.000
+0.000
+1.043
+0.000
+0.000
+0.000
+0.000
+1.171
+0.000
+0.000
+0.000
+0.000
+1.363
+0.000
+0.000
+0.000
+0.000
+1.663
+0.000
+0.000
+0.000
+0.000
+1.811
+0.000
+0.000
+0.000
+0.000
+1.833
+0.000
+0.000
+0.000
+0.000
+1.768
+0.000
+0.000
+0.000
+0.000
+1.762
+0.000
+0.000
+0.000
+0.000
+1.755
+0.000
+0.000
+0.000
+0.000
+1.723
+0.000
+0.000
+0.000
+0.000
+1.825
+0.000
+0.000
+0.000
+0.000
+1.900
+0.000
+0.000
+0.000
+0.000
+1.898
+0.000
+0.000
+0.000
+0.000
+1.912
+0.000
+0.000
+0.000
+0.000
+1.911
+0.000
+0.000
+0.000
+0.000
+1.887
+0.000
+0.000
+0.000
+0.000
+1.781
+0.000
+0.000
+0.000
+0.000
+1.611
+0.000
+0.000
+0.000
+0.000
+1.371
+0.000
+0.000
+0.000
+0.000
+1.155
+0.000
+0.000
+0.000
+0.000
+0.971
+0.000
+0.000
+0.000
+0.000
+0.792
+0.000
+0.000
+0.000
+0.000
+0.628
+0.000
+0.000
+0.000
+0.000
+0.538
+0.000
+0.000
+0.000
+0.000
+0.535
+0.000
+0.000
+0.000
+0.000
+0.536
+0.000
+0.000
+0.000
+0.000
+0.513
+0.000
+0.000
+0.000
+0.000
+0.486
+0.000
+0.000
+0.000
+0.000
+0.489
+0.000
+0.000
+0.000
+0.000
+0.486
+0.000
+0.000
+0.000
+0.000
+0.476
+0.000
+0.000
+0.000
+0.000
+0.483
+0.000
+0.000
+0.000
+0.000
+0.523
+0.000
+0.000
+0.000
+0.000
+0.548
+0.000
+0.000
+0.000
+0.000
+0.585
+0.000
+0.000
+0.000
+0.000
+0.580
+0.000
+0.000
+0.000
+0.000
+0.565
+0.000
+0.000
+0.000
+0.000
+0.488
+0.000
+0.000
+0.000
+0.000
+0.270
+0.000
+0.000
+0.000
+0.000
+0.221
+0.000
+0.000
+0.000
+0.000
+0.112
+0.000
+0.000
+0.000
+0.000
-0.053
+0.000
+0.000
+0.000
+0.000
-0.287
+0.000
+0.000
+0.000
+0.000
-0.700
+0.000
+0.000
+0.000
+0.000
-0.807
+0.000
+0.000
+0.000
+0.000
-0.850
+0.000
+0.000
+0.000
+0.000
-0.794
+0.000
+0.000
+0.000
+0.000
-0.593
+0.000
+0.000
+0.000
+0.000
-0.497
+0.000
+0.000
+0.000
+0.000
-0.438
+0.000
+0.000
+0.000
+0.000
-0.390
+0.000
+0.000
+0.000
+0.000
-0.362
+0.000
+0.000
+0.000
+0.000
-0.258
+0.000
+0.000
+0.000
+0.000
-0.184
+0.000
+0.000
+0.000
+0.000
-0.137
+0.000
+0.000
+0.000
+0.000
+0.025
+0.000
+0.000
+0.000
+0.000
+0.190
+0.000
+0.000
+0.000
+0.000
+0.344
+0.000
+0.000
+0.000
+0.000
+0.485
+0.000
+0.000
+0.000
+0.000
+0.546
+0.000
+0.000
+0.000
+0.000
+0.565
+0.000
+0.000
+0.000
+0.000
+0.639
+0.000
+0.000
+0.000
+0.000
+0.691
+0.000
+0.000
+0.000
+0.000
+0.732
+0.000
+0.000
+0.000
+0.000
+0.757
+0.000
+0.000
+0.000
+0.000
+0.769
+0.000
+0.000
+0.000
+0.000
+0.791
+0.000
+0.000
+0.000
+0.000
+0.831
+0.000
+0.000
+0.000
+0.000
+0.887
+0.000
+0.000
+0.000
+0.000
+0.840
+0.000
+0.000
+0.000
+0.000
+0.839
+0.000
+0.000
+0.000
+0.000
+1.072
+0.000
+0.000
+0.000
+0.000
+1.472
+0.000
+0.000
+0.000
+0.000
+1.975
+0.000
+0.000
+0.000
+0.000
+2.222
+0.000
+0.000
+0.000
+0.000
+2.240
+0.000
+0.000
+0.000
+0.000
+2.264
+0.000
+0.000
+0.000
+0.000
+2.363
+0.000
+0.000
+0.000
+0.000
+2.391
+0.000
+0.000
+0.000
+0.000
+2.400
+0.000
+0.000
+0.000
+0.000
+2.491
+0.000
+0.000
+0.000
+0.000
+2.401
+0.000
+0.000
+0.000
+0.000
+2.233
+0.000
+0.000
+0.000
+0.000
+2.090
+0.000
+0.000
+0.000
+0.000
+1.844
+0.000
+0.000
+0.000
+0.000
+1.504
+0.000
+0.000
+0.000
+0.000
+1.179
+0.000
+0.000
+0.000
+0.000
+0.914
+0.000
+0.000
+0.000
+0.000
+0.701
+0.000
+0.000
+0.000
+0.000
+0.534
+0.000
+0.000
+0.000
+0.000
+0.368
+0.000
+0.000
+0.000
+0.000
+0.198
+0.000
+0.000
+0.000
+0.000
-0.005
+0.000
+0.000
+0.000
+0.000
-0.261
+0.000
+0.000
+0.000
+0.000
-0.598
+0.000
+0.000
+0.000
+0.000
-1.002
+0.000
+0.000
+0.000
+0.000
-1.442
+0.000
+0.000
+0.000
+0.000
-1.593
+0.000
+0.000
+0.000
+0.000
-1.436
+0.000
+0.000
+0.000
+0.000
-1.269
+0.000
+0.000
+0.000
+0.000
-1.101
+0.000
+0.000
+0.000
+0.000
-0.934
+0.000
+0.000
+0.000
+0.000
-0.802
+0.000
+0.000
+0.000
+0.000
-0.632
+0.000
+0.000
+0.000
+0.000
-0.518
+0.000
+0.000
+0.000
+0.000
-0.441
+0.000
+0.000
+0.000
+0.000
-0.303
+0.000
+0.000
+0.000
+0.000
-0.121
+0.000
+0.000
+0.000
+0.000
+0.077
+0.000
+0.000
+0.000
+0.000
+0.164
+0.000
+0.000
+0.000
+0.000
+0.272
+0.000
+0.000
+0.000
+0.000
+0.398
+0.000
+0.000
+0.000
+0.000
+0.443
+0.000
+0.000
+0.000
+0.000
+0.299
+0.000
+0.000
+0.000
+0.000
+0.089
+0.000
+0.000
+0.000
+0.000
+0.046
+0.000
+0.000
+0.000
+0.000
+0.106
+0.000
+0.000
+0.000
+0.000
+0.123
+0.000
+0.000
+0.000
+0.000
+0.193
+0.000
+0.000
+0.000
+0.000
+0.345
+0.000
+0.000
+0.000
+0.000
+0.457
+0.000
+0.000
+0.000
+0.000
+0.662
+0.000
+0.000
+0.000
+0.000
+0.921
+0.000
+0.000
+0.000
+0.000
+1.098
+0.000
+0.000
+0.000
+0.000
+1.218
+0.000
+0.000
+0.000
+0.000
+1.111
+0.000
+0.000
+0.000
+0.000
+0.909
+0.000
+0.000
+0.000
+0.000
+0.719
+0.000
+0.000
+0.000
+0.000
+0.575
+0.000
+0.000
+0.000
+0.000
+0.443
+0.000
+0.000
+0.000
+0.000
+0.306
+0.000
+0.000
+0.000
+0.000
+0.147
+0.000
+0.000
+0.000
+0.000
-0.014
+0.000
+0.000
+0.000
+0.000
-0.167
+0.000
+0.000
+0.000
+0.000
-0.357
+0.000
+0.000
+0.000
+0.000
-0.518
+0.000
+0.000
+0.000
+0.000
-0.673
+0.000
+0.000
+0.000
+0.000
-0.858
+0.000
+0.000
+0.000
+0.000
-1.112
+0.000
+0.000
+0.000
+0.000
-1.144
+0.000
+0.000
+0.000
+0.000
-0.903
+0.000
+0.000
+0.000
+0.000
-0.602
+0.000
+0.000
+0.000
+0.000
-0.325
+0.000
+0.000
+0.000
+0.000
-0.097
+0.000
+0.000
+0.000
+0.000
+0.244
+0.000
+0.000
+0.000
+0.000
+0.462
+0.000
+0.000
+0.000
+0.000
+0.511
+0.000
+0.000
+0.000
+0.000
+0.510
+0.000
+0.000
+0.000
+0.000
+0.522
+0.000
+0.000
+0.000
+0.000
+0.573
+0.000
+0.000
+0.000
+0.000
+0.552
+0.000
+0.000
+0.000
+0.000
+0.529
+0.000
+0.000
+0.000
+0.000
+0.539
+0.000
+0.000
+0.000
+0.000
+0.545
+0.000
+0.000
+0.000
+0.000
+0.532
+0.000
+0.000
+0.000
+0.000
+0.526
+0.000
+0.000
+0.000
+0.000
+0.524
+0.000
+0.000
+0.000
+0.000
+0.493
+0.000
+0.000
+0.000
+0.000
+0.444
+0.000
+0.000
+0.000
+0.000
+0.335
+0.000
+0.000
+0.000
+0.000
+0.241
+0.000
+0.000
+0.000
+0.000
+0.158
+0.000
+0.000
+0.000
+0.000
+0.041
+0.000
+0.000
+0.000
+0.000
-0.059
+0.000
+0.000
+0.000
+0.000
-0.125
+0.000
+0.000
+0.000
+0.000
-0.151
+0.000
+0.000
+0.000
+0.000
-0.171
+0.000
+0.000
+0.000
+0.000
-0.233
+0.000
+0.000
+0.000
+0.000
-0.285
+0.000
+0.000
+0.000
+0.000
-0.184
+0.000
+0.000
+0.000
+0.000
+0.038
+0.000
+0.000
+0.000
+0.000
+0.252
+0.000
+0.000
+0.000
+0.000
+0.407
+0.000
+0.000
+0.000
+0.000
+0.561
+0.000
+0.000
+0.000
+0.000
+0.667
+0.000
+0.000
+0.000
+0.000
+0.731
+0.000
+0.000
+0.000
+0.000
+0.772
+0.000
+0.000
+0.000
+0.000
+0.766
+0.000
+0.000
+0.000
+0.000
+0.720
+0.000
+0.000
+0.000
+0.000
+0.611
+0.000
+0.000
+0.000
+0.000
+0.493
+0.000
+0.000
+0.000
+0.000
+0.351
+0.000
+0.000
+0.000
+0.000
+0.225
+0.000
+0.000
+0.000
+0.000
+0.076
+0.000
+0.000
+0.000
+0.000
-0.071
+0.000
+0.000
+0.000
+0.000
-0.211
+0.000
+0.000
+0.000
+0.000
-0.316
+0.000
+0.000
+0.000
+0.000
-0.353
+0.000
+0.000
+0.000
+0.000
-0.360
+0.000
+0.000
+0.000
+0.000
-0.383
+0.000
+0.000
+0.000
+0.000
-0.400
+0.000
+0.000
+0.000
+0.000
-0.365
+0.000
+0.000
+0.000
+0.000
-0.279
+0.000
+0.000
+0.000
+0.000
-0.170
+0.000
+0.000
+0.000
+0.000
-0.024
+0.000
+0.000
+0.000
+0.000
+0.209
+0.000
+0.000
+0.000
+0.000
+0.493
+0.000
+0.000
+0.000
+0.000
+0.814
+0.000
+0.000
+0.000
+0.000
+1.138
+0.000
+0.000
+0.000
+0.000
+1.424
+0.000
+0.000
+0.000
+0.000
+1.644
+0.000
+0.000
+0.000
+0.000
+1.862
+0.000
+0.000
+0.000
+0.000
+2.051
+0.000
+0.000
+0.000
+0.000
+2.164
+0.000
+0.000
+0.000
+0.000
+2.258
+0.000
+0.000
+0.000
+0.000
+2.272
+0.000
+0.000
+0.000
+0.000
+2.195
+0.000
+0.000
+0.000
+0.000
+2.070
+0.000
+0.000
+0.000
+0.000
+1.863
+0.000
+0.000
+0.000
+0.000
+1.633
+0.000
+0.000
+0.000
+0.000
+1.381
+0.000
+0.000
+0.000
+0.000
+1.115
+0.000
+0.000
+0.000
+0.000
+0.800
+0.000
+0.000
+0.000
+0.000
+0.535
+0.000
+0.000
+0.000
+0.000
+0.316
+0.000
+0.000
+0.000
+0.000
+0.105
+0.000
+0.000
+0.000
+0.000
-0.053
+0.000
+0.000
+0.000
+0.000
-0.152
+0.000
+0.000
+0.000
+0.000
-0.194
+0.000
+0.000
+0.000
+0.000
-0.182
+0.000
+0.000
+0.000
+0.000
-0.195
+0.000
+0.000
+0.000
+0.000
-0.211
+0.000
+0.000
+0.000
+0.000
-0.182
+0.000
+0.000
+0.000
+0.000
-0.132
+0.000
+0.000
+0.000
+0.000
-0.084
+0.000
+0.000
+0.000
+0.000
-0.043
+0.000
+0.000
+0.000
+0.000
+0.028
+0.000
+0.000
+0.000
+0.000
+0.087
+0.000
+0.000
+0.000
+0.000
+0.148
+0.000
+0.000
+0.000
+0.000
+0.191
+0.000
+0.000
+0.000
+0.000
+0.229
+0.000
+0.000
+0.000
+0.000
+0.263
+0.000
+0.000
+0.000
+0.000
+0.330
+0.000
+0.000
+0.000
+0.000
+0.415
+0.000
+0.000
+0.000
+0.000
+0.520
+0.000
+0.000
+0.000
+0.000
+0.654
+0.000
+0.000
+0.000
+0.000
+0.767
+0.000
+0.000
+0.000
+0.000
+0.831
+0.000
+0.000
+0.000
+0.000
+0.882
+0.000
+0.000
+0.000
+0.000
+0.954
+0.000
+0.000
+0.000
+0.000
+1.036
+0.000
+0.000
+0.000
+0.000
+1.085
+0.000
+0.000
+0.000
+0.000
+1.083
+0.000
+0.000
+0.000
+0.000
+1.041
+0.000
+0.000
+0.000
+0.000
+1.005
+0.000
+0.000
+0.000
+0.000
+0.995
+0.000
+0.000
+0.000
+0.000
+1.048
+0.000
+0.000
+0.000
+0.000
+1.098
+0.000
+0.000
+0.000
+0.000
+1.148
+0.000
+0.000
+0.000
+0.000
+1.201
+0.000
+0.000
+0.000
+0.000
+1.267
+0.000
+0.000
+0.000
+0.000
+1.335
+0.000
+0.000
+0.000
+0.000
+1.354
+0.000
+0.000
+0.000
+0.000
+1.351
+0.000
+0.000
+0.000
+0.000
+1.279
+0.000
+0.000
+0.000
+0.000
+1.070
+0.000
+0.000
+0.000
+0.000
+0.831
+0.000
+0.000
+0.000
+0.000
+0.596
+0.000
+0.000
+0.000
+0.000
+0.403
+0.000
+0.000
+0.000
+0.000
+0.188
+0.000
+0.000
+0.000
+0.000
+0.105
+0.000
+0.000
+0.000
+0.000
+0.144
+0.000
+0.000
+0.000
+0.000
+0.191
+0.000
+0.000
+0.000
+0.000
+0.251
+0.000
+0.000
+0.000
+0.000
+0.320
+0.000
+0.000
+0.000
+0.000
+0.434
+0.000
+0.000
+0.000
+0.000
+0.576
+0.000
+0.000
+0.000
+0.000
+0.722
+0.000
+0.000
+0.000
+0.000
+0.860
+0.000
+0.000
+0.000
+0.000
+0.976
+0.000
+0.000
+0.000
+0.000
+1.083
+0.000
+0.000
+0.000
+0.000
+1.179
+0.000
+0.000
+0.000
+0.000
+1.239
+0.000
+0.000
+0.000
+0.000
+1.238
+0.000
+0.000
+0.000
+0.000
+1.225
+0.000
+0.000
+0.000
+0.000
+1.238
+0.000
+0.000
+0.000
+0.000
+1.289
+0.000
+0.000
+0.000
+0.000
+1.325
+0.000
+0.000
+0.000
+0.000
+1.352
+0.000
+0.000
+0.000
+0.000
+1.374
+0.000
+0.000
+0.000
+0.000
+1.406
+0.000
+0.000
+0.000
+0.000
+1.503
+0.000
+0.000
+0.000
+0.000
+1.733
+0.000
+0.000
+0.000
+0.000
+1.966
+0.000
+0.000
+0.000
+0.000
+2.168
+0.000
+0.000
+0.000
+0.000
+2.383
+0.000
+0.000
+0.000
+0.000
+2.565
+0.000
+0.000
+0.000
+0.000
+2.756
+0.000
+0.000
+0.000
+0.000
+2.894
+0.000
+0.000
+0.000
+0.000
+2.903
+0.000
+0.000
+0.000
+0.000
+2.906
+0.000
+0.000
+0.000
+0.000
+2.742
+0.000
+0.000
+0.000
+0.000
+2.519
+0.000
+0.000
+0.000
+0.000
+2.130
+0.000
+0.000
+0.000
+0.000
+1.510
+0.000
+0.000
+0.000
+0.000
+0.816
+0.000
+0.000
+0.000
+0.000
+0.554
+0.000
+0.000
+0.000
+0.000
+0.365
+0.000
+0.000
+0.000
+0.000
+0.226
+0.000
+0.000
+0.000
+0.000
+0.161
+0.000
+0.000
+0.000
+0.000
+0.141
+0.000
+0.000
+0.000
+0.000
+0.150
+0.000
+0.000
+0.000
+0.000
+0.344
+0.000
+0.000
+0.000
+0.000
+0.603
+0.000
+0.000
+0.000
+0.000
+0.797
+0.000
+0.000
+0.000
+0.000
+0.945
+0.000
+0.000
+0.000
+0.000
+1.069
+0.000
+0.000
+0.000
+0.000
+1.138
+0.000
+0.000
+0.000
+0.000
+1.172
+0.000
+0.000
+0.000
+0.000
+1.176
+0.000
+0.000
+0.000
+0.000
+1.132
+0.000
+0.000
+0.000
+0.000
+1.007
+0.000
+0.000
+0.000
+0.000
+0.895
+0.000
+0.000
+0.000
+0.000
+0.773
+0.000
+0.000
+0.000
+0.000
+0.652
+0.000
+0.000
+0.000
+0.000
+0.521
+0.000
+0.000
+0.000
+0.000
+0.398
+0.000
+0.000
+0.000
+0.000
+0.275
+0.000
+0.000
+0.000
+0.000
+0.185
+0.000
+0.000
+0.000
+0.000
+0.100
+0.000
+0.000
+0.000
+0.000
+0.016
+0.000
+0.000
+0.000
+0.000
-0.056
+0.000
+0.000
+0.000
+0.000
-0.087
+0.000
+0.000
+0.000
+0.000
-0.068
+0.000
+0.000
+0.000
+0.000
-0.036
+0.000
+0.000
+0.000
+0.000
+0.148
+0.000
+0.000
+0.000
+0.000
+0.411
+0.000
+0.000
+0.000
+0.000
+0.571
+0.000
+0.000
+0.000
+0.000
+0.654
+0.000
+0.000
+0.000
+0.000
+0.616
+0.000
+0.000
+0.000
+0.000
+0.353
+0.000
+0.000
+0.000
+0.000
+0.106
+0.000
+0.000
+0.000
+0.000
-0.150
+0.000
+0.000
+0.000
+0.000
-0.391
+0.000
+0.000
+0.000
+0.000
-0.634
+0.000
+0.000
+0.000
+0.000
-0.855
+0.000
+0.000
+0.000
+0.000
-1.063
+0.000
+0.000
+0.000
+0.000
-1.252
+0.000
+0.000
+0.000
+0.000
-1.466
+0.000
+0.000
+0.000
+0.000
-1.687
+0.000
+0.000
+0.000
+0.000
-1.851
+0.000
+0.000
+0.000
+0.000
-1.986
+0.000
+0.000
+0.000
+0.000
-2.149
+0.000
+0.000
+0.000
+0.000
-2.326
+0.000
+0.000
+0.000
+0.000
-2.502
+0.000
+0.000
+0.000
+0.000
-2.786
+0.000
+0.000
+0.000
+0.000
-3.110
+0.000
+0.000
+0.000
+0.000
-3.879
+0.000
+0.000
+0.000
+0.000
-5.793
+0.000
+0.000
+0.000
+0.000
-9.031
+0.000
+0.000
+0.000
+0.000
-16.54
+0.000
+0.000
+0.000
+0.000
-43.91
+0.000
+0.000
+0.000
+0.000
-8.742
+0.000
+0.000
+0.000
+0.000
-6.938
+0.000
+0.000
+0.000
+0.000
-6.976
+0.000
+0.000
+0.000
+0.000
-7.564
+0.000
+0.000
+0.000
+0.000
-8.291
+0.000
+0.000
+0.000
+0.000
-6.124
+0.000
+0.000
+0.000
+0.000
-4.458
+0.000
+0.000
+0.000
+0.000
-3.740
+0.000
+0.000
+0.000
+0.000
-3.336
+0.000
+0.000
+0.000
+0.000
-3.013
+0.000
+0.000
+0.000
+0.000
-2.668
+0.000
+0.000
+0.000
+0.000
-2.381
+0.000
+0.000
+0.000
+0.000
-2.139
+0.000
+0.000
+0.000
+0.000
-1.755
+0.000
+0.000
+0.000
+0.000
-1.446
+0.000
+0.000
+0.000
+0.000
-1.218
+0.000
+0.000
+0.000
+0.000
-0.942
+0.000
+0.000
+0.000
+0.000
-0.711
+0.000
+0.000
+0.000
+0.000
-0.484
+0.000
+0.000
+0.000
+0.000
-0.257
+0.000
+0.000
+0.000
+0.000
-0.124
+0.000
+0.000
+0.000
+0.000
-0.039
+0.000
+0.000
+0.000
+0.000
+0.003
+0.000
+0.000
+0.000
+0.000
-0.070
+0.000
+0.000
+0.000
+0.000
-0.188
+0.000
+0.000
+0.000
+0.000
-0.341
+0.000
+0.000
+0.000
+0.000
-0.491
+0.000
+0.000
+0.000
+0.000
-0.644
+0.000
+0.000
+0.000
+0.000
-0.790
+0.000
+0.000
+0.000
+0.000
-0.955
+0.000
+0.000
+0.000
+0.000
-1.128
+0.000
+0.000
+0.000
+0.000
-1.280
+0.000
+0.000
+0.000
+0.000
-1.425
+0.000
+0.000
+0.000
+0.000
-1.576
+0.000
+0.000
+0.000
+0.000
-1.185
+0.000
+0.000
+0.000
+0.000
+0.065
+0.000
+0.000
+0.000
+0.000
+1.059
+0.000
+0.000
+0.000
+0.000
+1.568
+0.000
+0.000
+0.000
+0.000
+1.859
+0.000
+0.000
+0.000
+0.000
+2.017
+0.000
+0.000
+0.000
+0.000
+2.137
+0.000
+0.000
+0.000
+0.000
+2.268
+0.000
+0.000
+0.000
+0.000
+2.408
+0.000
+0.000
+0.000
+0.000
+2.521
+0.000
+0.000
+0.000
+0.000
+2.621
+0.000
+0.000
+0.000
+0.000
+2.633
+0.000
+0.000
+0.000
+0.000
+2.625
+0.000
+0.000
+0.000
+0.000
+2.598
+0.000
+0.000
+0.000
+0.000
+2.563
+0.000
+0.000
+0.000
+0.000
+2.588
+0.000
+0.000
+0.000
+0.000
+2.606
+0.000
+0.000
+0.000
+0.000
+2.352
+0.000
+0.000
+0.000
+0.000
+1.929
+0.000
+0.000
+0.000
+0.000
+1.618
+0.000
+0.000
+0.000
+0.000
+1.379
+0.000
+0.000
+0.000
+0.000
+1.139
+0.000
+0.000
+0.000
+0.000
-0.565
+0.000
+0.000
+0.000
+0.000
-0.554
+0.000
+0.000
+0.000
+0.000
-0.441
+0.000
+0.000
+0.000
+0.000
-0.278
+0.000
+0.000
+0.000
+0.000
+0.007
+0.000
+0.000
+0.000
+0.000
+0.136
+0.000
+0.000
+0.000
+0.000
+0.779
+0.000
+0.000
+0.000
+0.000
+2.066
+0.000
+0.000
+0.000
+0.000
+4.620
+0.000
+0.000
+0.000
+0.000
+10.71
+0.000
+0.000
+0.000
+0.000
+27.59
+0.000
+0.000
+0.000
+0.000
+52.08
+0.000
+0.000
+0.000
+0.000
+29.94
+0.000
+0.000
+0.000
+0.000
+16.67
+0.000
+0.000
+0.000
+0.000
+9.550
+0.000
+0.000
+0.000
+0.000
+5.875
+0.000
+0.000
+0.000
+0.000
+3.910
+0.000
+0.000
+0.000
+0.000
+2.588
+0.000
+0.000
+0.000
+0.000
+2.442
+0.000
+0.000
+0.000
+0.000
+3.065
+0.000
+0.000
+0.000
+0.000
+4.290
+0.000
+0.000
+0.000
+0.000
+8.314
+0.000
+0.000
+0.000
+0.000
+113.4
+0.000
+0.000
+0.000
+0.000
+15.64
+0.000
+0.000
+0.000
+0.000
+10.13
+0.000
+0.000
+0.000
+0.000
+9.974
+0.000
+0.000
+0.000
+0.000
+13.33
+0.000
+0.000
+0.000
+0.000
+1533.
+0.000
+0.000
+0.000
+0.000
+11.06
+0.000
+0.000
+0.000
+0.000
+5.955
+0.000
+0.000
+0.000
+0.000
+3.897
+0.000
+0.000
+0.000
+0.000
+2.643
+0.000
+0.000
+0.000
+0.000
+1.795
+0.000
+0.000
+0.000
+0.000
+1.404
+0.000
+0.000
+0.000
+0.000
+1.588
+0.000
+0.000
+0.000
+0.000
+1.983
+0.000
+0.000
+0.000
+0.000
+3.002
+0.000
+0.000
+0.000
+0.000
+4.305
+0.000
+0.000
+0.000
+0.000
+5.253
+0.000
+0.000
+0.000
+0.000
+5.274
+0.000
+0.000
+0.000
+0.000
+4.534
+0.000
+0.000
+0.000
+0.000
+3.838
+0.000
+0.000
+0.000
+0.000
+3.340
+0.000
+0.000
+0.000
+0.000
+2.603
+0.000
+0.000
+0.000
+0.000
+2.148
+0.000
+0.000
+0.000
+0.000
+2.041
+0.000
+0.000
+0.000
+0.000
+2.297
+0.000
+0.000
+0.000
+0.000
+4.352
+0.000
+0.000
+0.000
+0.000
+16902
+0.000
+0.000
+0.000
+0.000
+5.817
+0.000
+0.000
+0.000
+0.000
+3.090
+0.000
+0.000
+0.000
+0.000
+2.218
+0.000
+0.000
+0.000
+0.000
+1.898
+0.000
+0.000
+0.000
+0.000
+1.664
+0.000
+0.000
+0.000
+0.000
+1.528
+0.000
+0.000
+0.000
+0.000
+1.886
+0.000
+0.000
+0.000
+0.000
+2.284
+0.000
+0.000
+0.000
+0.000
+2.834
+0.000
+0.000
+0.000
+0.000
+3.998
+0.000
+0.000
+0.000
+0.000
+5.279
+0.000
+0.000
+0.000
+0.000
+6.841
+0.000
+0.000
+0.000
+0.000
+7.051
+0.000
+0.000
+0.000
+0.000
+6.033
+0.000
+0.000
+0.000
+0.000
+5.091
+0.000
+0.000
+0.000
+0.000
+4.372
+0.000
+0.000
+0.000
+0.000
+3.756
+0.000
+0.000
+0.000
+0.000
+3.381
+0.000
+0.000
+0.000
+0.000
+3.087
+0.000
+0.000
+0.000
+0.000
+2.841
+0.000
+0.000
+0.000
+0.000
+2.667
+0.000
+0.000
+0.000
+0.000
+2.544
+0.000
+0.000
+0.000
+0.000
+2.465
+0.000
+0.000
+0.000
+0.000
+2.502
+0.000
+0.000
+0.000
+0.000
+2.587
+0.000
+0.000
+0.000
+0.000
+2.813
+0.000
+0.000
+0.000
+0.000
+3.213
+0.000
+0.000
+0.000
+0.000
+3.159
+0.000
+0.000
+0.000
+0.000
+2.759
+0.000
+0.000
+0.000
+0.000
+2.267
+0.000
+0.000
+0.000
+0.000
+1.926
+0.000
+0.000
+0.000
+0.000
+1.618
+0.000
+0.000
+0.000
+0.000
+1.461
+0.000
+0.000
+0.000
+0.000
+1.429
+0.000
+0.000
+0.000
+0.000
+1.447
+0.000
+0.000
+0.000
+0.000
+1.542
+0.000
+0.000
+0.000
+0.000
+1.644
+0.000
+0.000
+0.000
+0.000
+1.594
+0.000
+0.000
+0.000
+0.000
+1.560
+0.000
+0.000
+0.000
+0.000
+1.614
+0.000
+0.000
+0.000
+0.000
+1.721
+0.000
+0.000
+0.000
+0.000
+1.855
+0.000
+0.000
+0.000
+0.000
+1.985
+0.000
+0.000
+0.000
+0.000
+2.164
+0.000
+0.000
+0.000
+0.000
+2.312
+0.000
+0.000
+0.000
+0.000
+2.383
+0.000
+0.000
+0.000
+0.000
+2.500
+0.000
+0.000
+0.000
+0.000
+2.634
+0.000
+0.000
+0.000
+0.000
+2.758
+0.000
+0.000
+0.000
+0.000
+2.879
+0.000
+0.000
+0.000
+0.000
+2.949
+0.000
+0.000
+0.000
+0.000
+2.957
+0.000
+0.000
+0.000
+0.000
+2.798
+0.000
+0.000
+0.000
+0.000
+2.351
+0.000
+0.000
+0.000
+0.000
+1.774
+0.000
+0.000
+0.000
+0.000
+1.292
+0.000
+0.000
+0.000
+0.000
+0.834
+0.000
+0.000
+0.000
+0.000
+0.484
+0.000
+0.000
+0.000
+0.000
+0.397
+0.000
+0.000
+0.000
+0.000
+0.291
+0.000
+0.000
+0.000
+0.000
+0.329
+0.000
+0.000
+0.000
+0.000
+0.456
+0.000
+0.000
+0.000
+0.000
+0.468
+0.000
+0.000
+0.000
+0.000
+0.553
+0.000
+0.000
+0.000
+0.000
+0.568
+0.000
+0.000
+0.000
+0.000
+0.515
+0.000
+0.000
+0.000
+0.000
+0.562
+0.000
+0.000
+0.000
+0.000
+0.635
+0.000
+0.000
+0.000
+0.000
+0.768
+0.000
+0.000
+0.000
+0.000
+0.974
+0.000
+0.000
+0.000
+0.000
+1.122
+0.000
+0.000
+0.000
+0.000
+0.862
+0.000
+0.000
+0.000
+0.000
+0.602
+0.000
+0.000
+0.000
+0.000
+0.347
+0.000
+0.000
+0.000
+0.000
+0.152
+0.000
+0.000
+0.000
+0.000
+0.060
+0.000
+0.000
+0.000
+0.000
+0.056
+0.000
+0.000
+0.000
+0.000
+0.106
+0.000
+0.000
+0.000
+0.000
+0.332
+0.000
+0.000
+0.000
+0.000
+0.730
+0.000
+0.000
+0.000
+0.000
+1.159
+0.000
+0.000
+0.000
+0.000
+1.613
+0.000
+0.000
+0.000
+0.000
+2.133
+0.000
+0.000
+0.000
+0.000
+2.737
+0.000
+0.000
+0.000
+0.000
+3.339
+0.000
+0.000
+0.000
+0.000
+4.024
+0.000
+0.000
+0.000
+0.000
+5.005
+0.000
+0.000
+0.000
+0.000
+6.090
+0.000
+0.000
+0.000
+0.000
+7.390
+0.000
+0.000
+0.000
+0.000
+9.191
+0.000
+0.000
+0.000
+0.000
+13.28
+0.000
+0.000
+0.000
+0.000
+37.23
+0.000
+0.000
+0.000
+0.000
+64.31
+0.000
+0.000
+0.000
+0.000
+23.17
+0.000
+0.000
+0.000
+0.000
+24.14
+0.000
+0.000
+0.000
+0.000
+454.2
+0.000
+0.000
+0.000
+0.000
+13.48
+0.000
+0.000
+0.000
+0.000
+6.845
+0.000
+0.000
+0.000
+0.000
+4.599
+0.000
+0.000
+0.000
+0.000
+3.470
+0.000
+0.000
+0.000
+0.000
+2.873
+0.000
+0.000
+0.000
+0.000
+2.374
+0.000
+0.000
+0.000
+0.000
+2.019
+0.000
+0.000
+0.000
+0.000
+1.827
+0.000
+0.000
+0.000
+0.000
+1.752
+0.000
+0.000
+0.000
+0.000
+1.722
+0.000
+0.000
+0.000
+0.000
+2.646
+0.000
+0.000
+0.000
+0.000
+547.1
+0.000
+0.000
+0.000
+0.000
+0.807
+0.000
+0.000
+0.000
+0.000
-1.229
+0.000
+0.000
+0.000
+0.000
-2.311
+0.000
+0.000
+0.000
+0.000
-2.841
+0.000
+0.000
+0.000
+0.000
-3.816
+0.000
+0.000
+0.000
+0.000
-4.927
+0.000
+0.000
+0.000
+0.000
-4.358
+0.000
+0.000
+0.000
+0.000
-3.762
+0.000
+0.000
+0.000
+0.000
-3.511
+0.000
+0.000
+0.000
+0.000
-2.849
+0.000
+0.000
+0.000
+0.000
-2.498
+0.000
+0.000
+0.000
+0.000
-8.909
+0.000
+0.000
+0.000
+0.000
+0.824
+0.000
+0.000
+0.000
+0.000
+1.798
+0.000
+0.000
+0.000
+0.000
+1.975
+0.000
+0.000
+0.000
+0.000
+1.859
+0.000
+0.000
+0.000
+0.000
+1.799
+0.000
+0.000
+0.000
+0.000
+1.537
+0.000
+0.000
+0.000
+0.000
+1.251
+0.000
+0.000
+0.000
+0.000
+1.143
+0.000
+0.000
+0.000
+0.000
+1.053
+0.000
+0.000
+0.000
+0.000
+0.859
+0.000
+0.000
+0.000
+0.000
+0.789
+0.000
+0.000
+0.000
+0.000
+0.827
+0.000
+0.000
+0.000
+0.000
+0.884
+0.000
+0.000
+0.000
+0.000
+0.985
+0.000
+0.000
+0.000
+0.000
+1.170
+0.000
+0.000
+0.000
+0.000
+1.416
+0.000
+0.000
+0.000
+0.000
+1.537
+0.000
+0.000
+0.000
+0.000
+1.472
+0.000
+0.000
+0.000
+0.000
+1.371
+0.000
+0.000
+0.000
+0.000
+1.237
+0.000
+0.000
+0.000
+0.000
+1.035
+0.000
+0.000
+0.000
+0.000
+0.734
+0.000
+0.000
+0.000
+0.000
+0.265
+0.000
+0.000
+0.000
+0.000
-0.523
+0.000
+0.000
+0.000
+0.000
-2.211
+0.000
+0.000
+0.000
+0.000
-7.403
+0.000
+0.000
+0.000
+0.000
-787.5
+0.000
+0.000
+0.000
+0.000
-16.81
+0.000
+0.000
+0.000
+0.000
-18.87
+0.000
+0.000
+0.000
+0.000
-68.15
+0.000
+0.000
+0.000
+0.000
-23.89
+0.000
+0.000
+0.000
+0.000
-7.976
+0.000
+0.000
+0.000
+0.000
-5.034
+0.000
+0.000
+0.000
+0.000
-4.001
+0.000
+0.000
+0.000
+0.000
-3.669
+0.000
+0.000
+0.000
+0.000
-3.973
+0.000
+0.000
+0.000
+0.000
-5.634
+0.000
+0.000
+0.000
+0.000
-15.80
+0.000
+0.000
+0.000
+0.000
-40.05
+0.000
+0.000
+0.000
+0.000
-7.928
+0.000
+0.000
+0.000
+0.000
-4.375
+0.000
+0.000
+0.000
+0.000
-3.626
+0.000
+0.000
+0.000
+0.000
-3.366
+0.000
+0.000
+0.000
+0.000
-3.271
+0.000
+0.000
+0.000
+0.000
-2.900
+0.000
+0.000
+0.000
+0.000
-2.457
+0.000
+0.000
+0.000
+0.000
-2.121
+0.000
+0.000
+0.000
+0.000
-2.223
+0.000
+0.000
+0.000
+0.000
-2.565
+0.000
+0.000
+0.000
+0.000
-2.874
+0.000
+0.000
+0.000
+0.000
-3.442
+0.000
+0.000
+0.000
+0.000
-4.000
+0.000
+0.000
+0.000
+0.000
-4.078
+0.000
+0.000
+0.000
+0.000
-3.709
+0.000
+0.000
+0.000
+0.000
-3.143
+0.000
+0.000
+0.000
+0.000
-2.826
+0.000
+0.000
+0.000
+0.000
-2.759
+0.000
+0.000
+0.000
+0.000
-2.381
+0.000
+0.000
+0.000
+0.000
-1.767
+0.000
+0.000
+0.000
+0.000
-1.142
+0.000
+0.000
+0.000
+0.000
-0.706
+0.000
+0.000
+0.000
+0.000
-0.466
+0.000
+0.000
+0.000
+0.000
-0.333
+0.000
+0.000
+0.000
+0.000
-0.229
+0.000
+0.000
+0.000
+0.000
-0.092
+0.000
+0.000
+0.000
+0.000
+0.033
+0.000
+0.000
+0.000
+0.000
+0.095
+0.000
+0.000
+0.000
+0.000
+0.122
+0.000
+0.000
+0.000
+0.000
+0.110
+0.000
+0.000
+0.000
+0.000
+0.052
+0.000
+0.000
+0.000
+0.000
-0.015
+0.000
+0.000
+0.000
+0.000
-0.085
+0.000
+0.000
+0.000
+0.000
-0.191
+0.000
+0.000
+0.000
+0.000
-0.316
+0.000
+0.000
+0.000
+0.000
-0.497
+0.000
+0.000
+0.000
+0.000
-0.779
+0.000
+0.000
+0.000
+0.000
-1.146
+0.000
+0.000
+0.000
+0.000
-1.677
+0.000
+0.000
+0.000
+0.000
-2.204
+0.000
+0.000
+0.000
+0.000
-2.498
+0.000
+0.000
+0.000
+0.000
-2.393
+0.000
+0.000
+0.000
+0.000
-1.958
+0.000
+0.000
+0.000
+0.000
-1.644
+0.000
+0.000
+0.000
+0.000
-1.410
+0.000
+0.000
+0.000
+0.000
-1.300
+0.000
+0.000
+0.000
+0.000
-1.222
+0.000
+0.000
+0.000
+0.000
-1.130
+0.000
+0.000
+0.000
+0.000
-1.028
+0.000
+0.000
+0.000
+0.000
-0.940
+0.000
+0.000
+0.000
+0.000
-0.877
+0.000
+0.000
+0.000
+0.000
-0.828
+0.000
+0.000
+0.000
+0.000
-0.773
+0.000
+0.000
+0.000
+0.000
-0.777
+0.000
+0.000
+0.000
+0.000
-0.844
+0.000
+0.000
+0.000
+0.000
-0.957
+0.000
+0.000
+0.000
+0.000
-1.055
+0.000
+0.000
+0.000
+0.000
-1.115
+0.000
+0.000
+0.000
+0.000
-1.135
+0.000
+0.000
+0.000
+0.000
-1.244
+0.000
+0.000
+0.000
+0.000
-1.375
+0.000
+0.000
+0.000
+0.000
-1.452
+0.000
+0.000
+0.000
+0.000
-1.446
+0.000
+0.000
+0.000
+0.000
-1.334
+0.000
+0.000
+0.000
+0.000
-1.171
+0.000
+0.000
+0.000
+0.000
-1.030
+0.000
+0.000
+0.000
+0.000
-0.847
+0.000
+0.000
+0.000
+0.000
-0.748
+0.000
+0.000
+0.000
+0.000
-0.665
+0.000
+0.000
+0.000
+0.000
-0.411
+0.000
+0.000
+0.000
+0.000
-0.222
+0.000
+0.000
+0.000
+0.000
-0.046
+0.000
+0.000
+0.000
+0.000
+2.957
+0.000
+0.000
+0.000
+0.000
+19.41
+0.000
+0.000
+0.000
+0.000
+7.552
+0.000
+0.000
+0.000
+0.000
+7.104
+0.000
+0.000
+0.000
+0.000
+8.502
+0.000
+0.000
+0.000
+0.000
+13.96
+0.000
+0.000
+0.000
+0.000
+331.4
+0.000
+0.000
+0.000
+0.000
+10.71
+0.000
+0.000
+0.000
+0.000
+4.879
+0.000
+0.000
+0.000
+0.000
+3.300
+0.000
+0.000
+0.000
+0.000
+2.392
+0.000
+0.000
+0.000
+0.000
+1.713
+0.000
+0.000
+0.000
+0.000
+1.004
+0.000
+0.000
+0.000
+0.000
+0.510
+0.000
+0.000
+0.000
+0.000
+0.176
+0.000
+0.000
+0.000
+0.000
+0.147
+0.000
+0.000
+0.000
+0.000
+0.171
+0.000
+0.000
+0.000
+0.000
+0.154
+0.000
+0.000
+0.000
+0.000
-0.171
+0.000
+0.000
+0.000
+0.000
-1.296
+0.000
+0.000
+0.000
+0.000
-1.955
+0.000
+0.000
+0.000
+0.000
-1.680
+0.000
+0.000
+0.000
+0.000
-1.675
+0.000
+0.000
+0.000
+0.000
-1.557
+0.000
+0.000
+0.000
+0.000
-1.298
+0.000
+0.000
+0.000
+0.000
-0.769
+0.000
+0.000
+0.000
+0.000
-0.364
+0.000
+0.000
+0.000
+0.000
-0.212
+0.000
+0.000
+0.000
+0.000
+0.079
+0.000
+0.000
+0.000
+0.000
+0.588
+0.000
+0.000
+0.000
+0.000
+1.664
+0.000
+0.000
+0.000
+0.000
+4.051
+0.000
+0.000
+0.000
+0.000
+9.599
+0.000
+0.000
+0.000
+0.000
+25.67
+0.000
+0.000
+0.000
+0.000
+184.3
+0.000
+0.000
+0.000
+0.000
+20.82
+0.000
+0.000
+0.000
+0.000
+13.08
+0.000
+0.000
+0.000
+0.000
+10.58
+0.000
+0.000
+0.000
+0.000
+9.313
+0.000
+0.000
+0.000
+0.000
+7.750
+0.000
+0.000
+0.000
+0.000
+6.534
+0.000
+0.000
+0.000
+0.000
+6.176
+0.000
+0.000
+0.000
+0.000
+6.098
+0.000
+0.000
+0.000
+0.000
+6.397
+0.000
+0.000
+0.000
+0.000
+5.926
+0.000
+0.000
+0.000
+0.000
+6.433
+0.000
+0.000
+0.000
+0.000
+9.677
+0.000
+0.000
+0.000
+0.000
+89.64
+0.000
+0.000
+0.000
+0.000
+4.805
+0.000
+0.000
+0.000
+0.000
+1.338
+0.000
+0.000
+0.000
+0.000
+0.253
+0.000
+0.000
+0.000
+0.000
-0.186
+0.000
+0.000
+0.000
+0.000
-0.432
+0.000
+0.000
+0.000
+0.000
-0.517
+0.000
+0.000
+0.000
+0.000
-0.499
+0.000
+0.000
+0.000
+0.000
-0.452
+0.000
+0.000
+0.000
+0.000
-0.441
+0.000
+0.000
+0.000
+0.000
-0.497
+0.000
+0.000
+0.000
+0.000
-0.613
+0.000
+0.000
+0.000
+0.000
-0.704
+0.000
+0.000
+0.000
+0.000
-0.856
+0.000
+0.000
+0.000
+0.000
-1.053
+0.000
+0.000
+0.000
+0.000
-1.286
+0.000
+0.000
+0.000
+0.000
-1.529
+0.000
+0.000
+0.000
+0.000
-1.845
+0.000
+0.000
+0.000
+0.000
-2.153
+0.000
+0.000
+0.000
+0.000
-2.708
+0.000
+0.000
+0.000
+0.000
-3.319
+0.000
+0.000
+0.000
+0.000
-4.142
+0.000
+0.000
+0.000
+0.000
-6.852
+0.000
+0.000
+0.000
+0.000
-16.37
+0.000
+0.000
+0.000
+0.000
-27.00
+0.000
+0.000
+0.000
+0.000
-5.954
+0.000
+0.000
+0.000
+0.000
-3.727
+0.000
+0.000
+0.000
+0.000
-3.017
+0.000
+0.000
+0.000
+0.000
-2.668
+0.000
+0.000
+0.000
+0.000
-2.532
+0.000
+0.000
+0.000
+0.000
-2.351
+0.000
+0.000
+0.000
+0.000
-1.672
+0.000
+0.000
+0.000
+0.000
-1.152
+0.000
+0.000
+0.000
+0.000
-0.740
+0.000
+0.000
+0.000
+0.000
-0.434
+0.000
+0.000
+0.000
+0.000
-0.210
+0.000
+0.000
+0.000
+0.000
-0.006
+0.000
+0.000
+0.000
+0.000
+0.255
+0.000
+0.000
+0.000
+0.000
+0.550
+0.000
+0.000
+0.000
+0.000
+0.852
+0.000
+0.000
+0.000
+0.000
+1.029
+0.000
+0.000
+0.000
+0.000
+1.169
+0.000
+0.000
+0.000
+0.000
+1.074
+0.000
+0.000
+0.000
+0.000
+0.827
+0.000
+0.000
+0.000
+0.000
+0.738
+0.000
+0.000
+0.000
+0.000
+0.607
+0.000
+0.000
+0.000
+0.000
+0.489
+0.000
+0.000
+0.000
+0.000
+0.348
+0.000
+0.000
+0.000
+0.000
+0.195
+0.000
+0.000
+0.000
+0.000
+0.031
+0.000
+0.000
+0.000
+0.000
-0.103
+0.000
+0.000
+0.000
+0.000
-0.178
+0.000
+0.000
+0.000
+0.000
-0.265
+0.000
+0.000
+0.000
+0.000
-0.494
+0.000
+0.000
+0.000
+0.000
-0.729
+0.000
+0.000
+0.000
+0.000
-0.976
+0.000
+0.000
+0.000
+0.000
-1.127
+0.000
+0.000
+0.000
+0.000
-1.279
+0.000
+0.000
+0.000
+0.000
-1.408
+0.000
+0.000
+0.000
+0.000
-1.549
+0.000
+0.000
+0.000
+0.000
-1.657
+0.000
+0.000
+0.000
+0.000
-1.697
+0.000
+0.000
+0.000
+0.000
-1.433
+0.000
+0.000
+0.000
+0.000
-1.130
+0.000
+0.000
+0.000
+0.000
-0.871
+0.000
+0.000
+0.000
+0.000
-0.555
+0.000
+0.000
+0.000
+0.000
-0.159
+0.000
+0.000
+0.000
+0.000
+0.107
+0.000
+0.000
+0.000
+0.000
+0.294
+0.000
+0.000
+0.000
+0.000
+0.377
+0.000
+0.000
+0.000
+0.000
+0.418
+0.000
+0.000
+0.000
+0.000
+0.423
+0.000
+0.000
+0.000
+0.000
+0.410
+0.000
+0.000
+0.000
+0.000
-0.264
+0.000
+0.000
+0.000
+0.000
-98.04
+0.000
+0.000
+0.000
+0.000
-5.596
+0.000
+0.000
+0.000
+0.000
-4.266
+0.000
+0.000
+0.000
+0.000
-4.652
+0.000
+0.000
+0.000
+0.000
-5.623
+0.000
+0.000
+0.000
+0.000
-7.394
+0.000
+0.000
+0.000
+0.000
-10.64
+0.000
+0.000
+0.000
+0.000
-25.94
+0.000
+0.000
+0.000
+0.000
-107.8
+0.000
+0.000
+0.000
+0.000
-20.14
+0.000
+0.000
+0.000
+0.000
-14.05
+0.000
+0.000
+0.000
+0.000
-18.04
+0.000
+0.000
+0.000
+0.000
-123.9
+0.000
+0.000
+0.000
+0.000
-34.22
+0.000
+0.000
+0.000
+0.000
-10.21
+0.000
+0.000
+0.000
+0.000
-3.958
+0.000
+0.000
+0.000
+0.000
-1.930
+0.000
+0.000
+0.000
+0.000
-1.163
+0.000
+0.000
+0.000
+0.000
-0.860
+0.000
+0.000
+0.000
+0.000
-0.589
+0.000
+0.000
+0.000
+0.000
-0.406
+0.000
+0.000
+0.000
+0.000
-0.309
+0.000
+0.000
+0.000
+0.000
-0.383
+0.000
+0.000
+0.000
+0.000
-0.531
+0.000
+0.000
+0.000
+0.000
-0.651
+0.000
+0.000
+0.000
+0.000
-0.745
+0.000
+0.000
+0.000
+0.000
-0.942
+0.000
+0.000
+0.000
+0.000
-1.325
+0.000
+0.000
+0.000
+0.000
-2.339
+0.000
+0.000
+0.000
+0.000
-3.420
+0.000
+0.000
+0.000
+0.000
-4.273
+0.000
+0.000
+0.000
+0.000
-4.914
+0.000
+0.000
+0.000
+0.000
-5.113
+0.000
+0.000
+0.000
+0.000
-4.790
+0.000
+0.000
+0.000
+0.000
-4.723
+0.000
+0.000
+0.000
+0.000
-4.263
+0.000
+0.000
+0.000
+0.000
-3.701
+0.000
+0.000
+0.000
+0.000
-3.146
+0.000
+0.000
+0.000
+0.000
-2.861
+0.000
+0.000
+0.000
+0.000
-2.732
+0.000
+0.000
+0.000
+0.000
-2.953
+0.000
+0.000
+0.000
+0.000
-3.060
+0.000
+0.000
+0.000
+0.000
-2.767
+0.000
+0.000
+0.000
+0.000
-2.375
+0.000
+0.000
+0.000
+0.000
-2.491
+0.000
+0.000
+0.000
+0.000
-2.911
+0.000
+0.000
+0.000
+0.000
-2.681
+0.000
+0.000
+0.000
+0.000
-1.858
+0.000
+0.000
+0.000
+0.000
-0.796
+0.000
+0.000
+0.000
+0.000
+0.823
+0.000
+0.000
+0.000
+0.000
+2.575
+0.000
+0.000
+0.000
+0.000
+3.510
+0.000
+0.000
+0.000
+0.000
+3.543
+0.000
+0.000
+0.000
+0.000
+3.425
+0.000
+0.000
+0.000
+0.000
+2.834
+0.000
+0.000
+0.000
+0.000
+1.944
+0.000
+0.000
+0.000
+0.000
+1.026
+0.000
+0.000
+0.000
+0.000
+0.308
+0.000
+0.000
+0.000
+0.000
-0.235
+0.000
+0.000
+0.000
+0.000
-0.564
+0.000
+0.000
+0.000
+0.000
-0.628
+0.000
+0.000
+0.000
+0.000
-0.687
+0.000
+0.000
+0.000
+0.000
-0.876
+0.000
+0.000
+0.000
+0.000
-1.127
+0.000
+0.000
+0.000
+0.000
-1.521
+0.000
+0.000
+0.000
+0.000
-2.171
+0.000
+0.000
+0.000
+0.000
-3.074
+0.000
+0.000
+0.000
+0.000
-5.554
+0.000
+0.000
+0.000
+0.000
-18.33
+0.000
+0.000
+0.000
+0.000
-26.40
+0.000
+0.000
+0.000
+0.000
-128.2
+0.000
+0.000
+0.000
+0.000
-51.00
+0.000
+0.000
+0.000
+0.000
-14.38
+0.000
+0.000
+0.000
+0.000
-5.333
+0.000
+0.000
+0.000
+0.000
-2.617
+0.000
+0.000
+0.000
+0.000
-1.628
+0.000
+0.000
+0.000
+0.000
-1.101
+0.000
+0.000
+0.000
+0.000
-0.749
+0.000
+0.000
+0.000
+0.000
-0.479
+0.000
+0.000
+0.000
+0.000
-0.226
+0.000
+0.000
+0.000
+0.000
-0.080
+0.000
+0.000
+0.000
+0.000
-0.043
+0.000
+0.000
+0.000
+0.000
-0.034
+0.000
+0.000
+0.000
+0.000
-0.035
+0.000
+0.000
+0.000
+0.000
-0.085
+0.000
+0.000
+0.000
+0.000
-0.184
+0.000
+0.000
+0.000
+0.000
-0.285
+0.000
+0.000
+0.000
+0.000
-0.358
+0.000
+0.000
+0.000
+0.000
-0.382
+0.000
+0.000
+0.000
+0.000
-0.397
+0.000
+0.000
+0.000
+0.000
-0.416
+0.000
+0.000
+0.000
+0.000
-0.439
+0.000
+0.000
+0.000
+0.000
-0.472
+0.000
+0.000
+0.000
+0.000
-0.546
+0.000
+0.000
+0.000
+0.000
-0.632
+0.000
+0.000
+0.000
+0.000
-0.724
+0.000
+0.000
+0.000
+0.000
-0.852
+0.000
+0.000
+0.000
+0.000
-1.064
+0.000
+0.000
+0.000
+0.000
-1.332
+0.000
+0.000
+0.000
+0.000
-1.584
+0.000
+0.000
+0.000
+0.000
-1.721
+0.000
+0.000
+0.000
+0.000
-1.711
+0.000
+0.000
+0.000
+0.000
-1.563
+0.000
+0.000
+0.000
+0.000
-1.319
+0.000
+0.000
+0.000
+0.000
-1.028
+0.000
+0.000
+0.000
+0.000
-0.760
+0.000
+0.000
+0.000
+0.000
-0.565
+0.000
+0.000
+0.000
+0.000
-0.443
+0.000
+0.000
+0.000
+0.000
-0.389
+0.000
+0.000
+0.000
+0.000
-0.329
+0.000
+0.000
+0.000
+0.000
-0.270
+0.000
+0.000
+0.000
+0.000
-0.293
+0.000
+0.000
+0.000
+0.000
-0.342
+0.000
+0.000
+0.000
+0.000
-0.451
+0.000
+0.000
+0.000
+0.000
-0.550
+0.000
+0.000
+0.000
+0.000
-0.628
+0.000
+0.000
+0.000
+0.000
-0.674
+0.000
+0.000
+0.000
+0.000
-0.750
+0.000
+0.000
+0.000
+0.000
-0.797
+0.000
+0.000
+0.000
+0.000
-0.810
+0.000
+0.000
+0.000
+0.000
-0.792
+0.000
+0.000
+0.000
+0.000
-0.755
+0.000
+0.000
+0.000
+0.000
-0.713
+0.000
+0.000
+0.000
+0.000
-0.671
+0.000
+0.000
+0.000
+0.000
-0.715
+0.000
+0.000
+0.000
+0.000
-0.818
+0.000
+0.000
+0.000
+0.000
-0.933
+0.000
+0.000
+0.000
+0.000
-1.104
+0.000
+0.000
+0.000
+0.000
-1.331
+0.000
+0.000
+0.000
+0.000
-1.560
+0.000
+0.000
+0.000
+0.000
-1.757
+0.000
+0.000
+0.000
+0.000
-2.357
+0.000
+0.000
+0.000
+0.000
-3.277
+0.000
+0.000
+0.000
+0.000
-4.226
+0.000
+0.000
+0.000
+0.000
-5.702
+0.000
+0.000
+0.000
+0.000
-7.197
+0.000
+0.000
+0.000
+0.000
-8.038
+0.000
+0.000
+0.000
+0.000
-8.032
+0.000
+0.000
+0.000
+0.000
-7.244
+0.000
+0.000
+0.000
+0.000
-5.902
+0.000
+0.000
+0.000
+0.000
-4.531
+0.000
+0.000
+0.000
+0.000
-3.411
+0.000
+0.000
+0.000
+0.000
-2.463
+0.000
+0.000
+0.000
+0.000
-1.672
+0.000
+0.000
+0.000
+0.000
-1.112
+0.000
+0.000
+0.000
+0.000
-0.920
+0.000
+0.000
+0.000
+0.000
-0.855
+0.000
+0.000
+0.000
+0.000
-0.800
+0.000
+0.000
+0.000
+0.000
-0.755
+0.000
+0.000
+0.000
+0.000
-0.728
+0.000
+0.000
+0.000
+0.000
-0.727
+0.000
+0.000
+0.000
+0.000
-0.789
+0.000
+0.000
+0.000
+0.000
-0.974
+0.000
+0.000
+0.000
+0.000
-1.187
+0.000
+0.000
+0.000
+0.000
-1.428
+0.000
+0.000
+0.000
+0.000
-1.667
+0.000
+0.000
+0.000
+0.000
-1.877
+0.000
+0.000
+0.000
+0.000
-2.039
+0.000
+0.000
+0.000
+0.000
-2.214
+0.000
+0.000
+0.000
+0.000
-2.408
+0.000
+0.000
+0.000
+0.000
-2.732
+0.000
+0.000
+0.000
+0.000
-2.887
+0.000
+0.000
+0.000
+0.000
-2.810
+0.000
+0.000
+0.000
+0.000
-2.473
+0.000
+0.000
+0.000
+0.000
-1.950
+0.000
+0.000
+0.000
+0.000
-1.455
+0.000
+0.000
+0.000
+0.000
-1.030
+0.000
+0.000
+0.000
+0.000
-0.857
+0.000
+0.000
+0.000
+0.000
-0.707
+0.000
+0.000
+0.000
+0.000
-0.523
+0.000
+0.000
+0.000
+0.000
-0.344
+0.000
+0.000
+0.000
+0.000
-0.161
+0.000
+0.000
+0.000
+0.000
-0.011
+0.000
+0.000
+0.000
+0.000
+0.116
+0.000
+0.000
+0.000
+0.000
+0.244
+0.000
+0.000
+0.000
+0.000
+0.276
+0.000
+0.000
+0.000
+0.000
+0.247
+0.000
+0.000
+0.000
+0.000
+0.217
+0.000
+0.000
+0.000
+0.000
+0.153
+0.000
+0.000
+0.000
+0.000
+0.087
+0.000
+0.000
+0.000
+0.000
+0.057
+0.000
+0.000
+0.000
+0.000
-0.000
+0.000
+0.000
+0.000
+0.000
-0.069
+0.000
+0.000
+0.000
+0.000
-0.094
+0.000
+0.000
+0.000
+0.000
-0.116
+0.000
+0.000
+0.000
+0.000
-0.146
+0.000
+0.000
+0.000
+0.000
-0.179
+0.000
+0.000
+0.000
+0.000
-0.193
+0.000
+0.000
+0.000
+0.000
-0.202
+0.000
+0.000
+0.000
+0.000
-0.185
+0.000
+0.000
+0.000
+0.000
-0.164
+0.000
+0.000
+0.000
+0.000
-0.110
+0.000
+0.000
+0.000
+0.000
-0.071
+0.000
+0.000
+0.000
+0.000
-0.047
+0.000
+0.000
+0.000
+0.000
+0.007
+0.000
+0.000
+0.000
+0.000
+0.080
+0.000
+0.000
+0.000
+0.000
+0.317
+0.000
+0.000
+0.000
+0.000
+1.102
+0.000
+0.000
+0.000
+0.000
+20.41
+0.000
+0.000
+0.000
+0.000
+2.048
+0.000
+0.000
+0.000
+0.000
+1.419
+0.000
+0.000
+0.000
+0.000
+1.289
+0.000
+0.000
+0.000
+0.000
+1.369
+0.000
+0.000
+0.000
+0.000
+1.907
+0.000
+0.000
+0.000
+0.000
+2.695
+0.000
+0.000
+0.000
+0.000
+3.303
+0.000
+0.000
+0.000
+0.000
+3.879
+0.000
+0.000
+0.000
+0.000
+4.982
+0.000
+0.000
+0.000
+0.000
+7.446
+0.000
+0.000
+0.000
+0.000
+16.22
+0.000
+0.000
+0.000
+0.000
+38.45
+0.000
+0.000
+0.000
+0.000
+5.891
+0.000
+0.000
+0.000
+0.000
+2.410
+0.000
+0.000
+0.000
+0.000
+1.009
+0.000
+0.000
+0.000
+0.000
+0.222
+0.000
+0.000
+0.000
+0.000
-0.406
+0.000
+0.000
+0.000
+0.000
-0.959
+0.000
+0.000
+0.000
+0.000
-1.179
+0.000
+0.000
+0.000
+0.000
-1.623
+0.000
+0.000
+0.000
+0.000
-2.069
+0.000
+0.000
+0.000
+0.000
-2.400
+0.000
+0.000
+0.000
+0.000
-2.537
+0.000
+0.000
+0.000
+0.000
-2.402
+0.000
+0.000
+0.000
+0.000
-1.865
+0.000
+0.000
+0.000
+0.000
-1.308
+0.000
+0.000
+0.000
+0.000
-0.558
+0.000
+0.000
+0.000
+0.000
+0.936
+0.000
+0.000
+0.000
+0.000
+24.75
+0.000
+0.000
+0.000
+0.000
+5.290
+0.000
+0.000
+0.000
+0.000
+3.897
+0.000
+0.000
+0.000
+0.000
+3.060
+0.000
+0.000
+0.000
+0.000
+2.871
+0.000
+0.000
+0.000
+0.000
+2.694
+0.000
+0.000
+0.000
+0.000
+2.618
+0.000
+0.000
+0.000
+0.000
+2.606
+0.000
+0.000
+0.000
+0.000
+2.836
+0.000
+0.000
+0.000
+0.000
+3.732
+0.000
+0.000
+0.000
+0.000
+10.69
+0.000
+0.000
+0.000
+0.000
+0.163
+0.000
+0.000
+0.000
+0.000
-0.398
+0.000
+0.000
+0.000
+0.000
-0.369
+0.000
+0.000
+0.000
+0.000
-0.225
+0.000
+0.000
+0.000
+0.000
-0.151
+0.000
+0.000
+0.000
+0.000
+0.050
+0.000
+0.000
+0.000
+0.000
+0.227
+0.000
+0.000
+0.000
+0.000
+0.323
+0.000
+0.000
+0.000
+0.000
+0.384
+0.000
+0.000
+0.000
+0.000
+0.394
+0.000
+0.000
+0.000
+0.000
+0.349
+0.000
+0.000
+0.000
+0.000
+0.332
+0.000
+0.000
+0.000
+0.000
+0.380
+0.000
+0.000
+0.000
+0.000
+0.430
+0.000
+0.000
+0.000
+0.000
+0.372
+0.000
+0.000
+0.000
+0.000
+0.112
+0.000
+0.000
+0.000
+0.000
-0.075
+0.000
+0.000
+0.000
+0.000
-0.257
+0.000
+0.000
+0.000
+0.000
-0.528
+0.000
+0.000
+0.000
+0.000
-0.753
+0.000
+0.000
+0.000
+0.000
-0.887
+0.000
+0.000
+0.000
+0.000
-0.789
+0.000
+0.000
+0.000
+0.000
-0.674
+0.000
+0.000
+0.000
+0.000
-0.509
+0.000
+0.000
+0.000
+0.000
-0.341
+0.000
+0.000
+0.000
+0.000
-0.155
+0.000
+0.000
+0.000
+0.000
-0.089
+0.000
+0.000
+0.000
+0.000
-0.017
+0.000
+0.000
+0.000
+0.000
+0.158
+0.000
+0.000
+0.000
+0.000
+0.859
+0.000
+0.000
+0.000
+0.000
+1.355
+0.000
+0.000
+0.000
+0.000
+1.696
+0.000
+0.000
+0.000
+0.000
+1.856
+0.000
+0.000
+0.000
+0.000
+1.866
+0.000
+0.000
+0.000
+0.000
+1.724
+0.000
+0.000
+0.000
+0.000
+1.711
+0.000
+0.000
+0.000
+0.000
+1.451
+0.000
+0.000
+0.000
+0.000
+0.972
+0.000
+0.000
+0.000
+0.000
+0.355
+0.000
+0.000
+0.000
+0.000
-0.272
+0.000
+0.000
+0.000
+0.000
-0.846
+0.000
+0.000
+0.000
+0.000
-1.333
+0.000
+0.000
+0.000
+0.000
-1.482
+0.000
+0.000
+0.000
+0.000
-1.391
+0.000
+0.000
+0.000
+0.000
-1.314
+0.000
+0.000
+0.000
+0.000
-1.225
+0.000
+0.000
+0.000
+0.000
-1.110
+0.000
+0.000
+0.000
+0.000
-0.914
+0.000
+0.000
+0.000
+0.000
-0.662
+0.000
+0.000
+0.000
+0.000
-0.479
+0.000
+0.000
+0.000
+0.000
-0.361
+0.000
+0.000
+0.000
+0.000
-0.258
+0.000
+0.000
+0.000
+0.000
-0.290
+0.000
+0.000
+0.000
+0.000
-0.326
+0.000
+0.000
+0.000
+0.000
-0.430
+0.000
+0.000
+0.000
+0.000
-0.586
+0.000
+0.000
+0.000
+0.000
-0.777
+0.000
+0.000
+0.000
+0.000
-0.985
+0.000
+0.000
+0.000
+0.000
-1.159
+0.000
+0.000
+0.000
+0.000
-1.176
+0.000
+0.000
+0.000
+0.000
-1.210
+0.000
+0.000
+0.000
+0.000
-1.241
+0.000
+0.000
+0.000
+0.000
-1.254
+0.000
+0.000
+0.000
+0.000
-1.220
+0.000
+0.000
+0.000
+0.000
-1.089
+0.000
+0.000
+0.000
+0.000
-0.812
+0.000
+0.000
+0.000
+0.000
-0.581
+0.000
+0.000
+0.000
+0.000
-0.481
+0.000
+0.000
+0.000
+0.000
-0.375
+0.000
+0.000
+0.000
+0.000
-0.270
+0.000
+0.000
+0.000
+0.000
-0.255
+0.000
+0.000
+0.000
+0.000
-0.348
+0.000
+0.000
+0.000
+0.000
-0.352
+0.000
+0.000
+0.000
+0.000
-0.341
+0.000
+0.000
+0.000
+0.000
-0.377
+0.000
+0.000
+0.000
+0.000
-0.454
+0.000
+0.000
+0.000
+0.000
-0.551
+0.000
+0.000
+0.000
+0.000
-0.644
+0.000
+0.000
+0.000
+0.000
-0.774
+0.000
+0.000
+0.000
+0.000
-0.901
+0.000
+0.000
+0.000
+0.000
-0.993
+0.000
+0.000
+0.000
+0.000
-1.102
+0.000
+0.000
+0.000
+0.000
-1.174
+0.000
+0.000
+0.000
+0.000
-1.241
+0.000
+0.000
+0.000
+0.000
-1.608
+0.000
+0.000
+0.000
+0.000
-1.915
+0.000
+0.000
+0.000
+0.000
-2.095
+0.000
+0.000
+0.000
+0.000
-2.188
+0.000
+0.000
+0.000
+0.000
-2.244
+0.000
+0.000
+0.000
+0.000
-2.032
+0.000
+0.000
+0.000
+0.000
-1.762
+0.000
+0.000
+0.000
+0.000
-1.745
+0.000
+0.000
+0.000
+0.000
-1.674
+0.000
+0.000
+0.000
+0.000
-1.556
+0.000
+0.000
+0.000
+0.000
-1.202
+0.000
+0.000
+0.000
+0.000
-1.033
+0.000
+0.000
+0.000
+0.000
-0.899
+0.000
+0.000
+0.000
+0.000
-0.900
+0.000
+0.000
+0.000
+0.000
-0.846
+0.000
+0.000
+0.000
+0.000
-1.005
+0.000
+0.000
+0.000
+0.000
-1.258
+0.000
+0.000
+0.000
+0.000
-1.663
+0.000
+0.000
+0.000
+0.000
-2.768
+0.000
+0.000
+0.000
+0.000
-3.988
+0.000
+0.000
+0.000
+0.000
-4.019
+0.000
+0.000
+0.000
+0.000
-2.654
+0.000
+0.000
+0.000
+0.000
-1.507
+0.000
+0.000
+0.000
+0.000
-0.960
+0.000
+0.000
+0.000
+0.000
-0.709
+0.000
+0.000
+0.000
+0.000
-0.487
+0.000
+0.000
+0.000
+0.000
-0.364
+0.000
+0.000
+0.000
+0.000
-0.293
+0.000
+0.000
+0.000
+0.000
-0.264
+0.000
+0.000
+0.000
+0.000
-0.259
+0.000
+0.000
+0.000
+0.000
-0.315
+0.000
+0.000
+0.000
+0.000
-0.375
+0.000
+0.000
+0.000
+0.000
-0.422
+0.000
+0.000
+0.000
+0.000
-0.448
+0.000
+0.000
+0.000
+0.000
-0.473
+0.000
+0.000
+0.000
+0.000
-0.496
+0.000
+0.000
+0.000
+0.000
-0.513
+0.000
+0.000
+0.000
+0.000
-0.539
+0.000
+0.000
+0.000
+0.000
-0.564
+0.000
+0.000
+0.000
+0.000
-0.562
+0.000
+0.000
+0.000
+0.000
-0.527
+0.000
+0.000
+0.000
+0.000
-0.452
+0.000
+0.000
+0.000
+0.000
-0.353
+0.000
+0.000
+0.000
+0.000
-0.228
+0.000
+0.000
+0.000
+0.000
-0.120
+0.000
+0.000
+0.000
+0.000
-0.040
+0.000
+0.000
+0.000
+0.000
+0.043
+0.000
+0.000
+0.000
+0.000
+0.155
+0.000
+0.000
+0.000
+0.000
+0.225
+0.000
+0.000
+0.000
+0.000
+0.270
+0.000
+0.000
+0.000
+0.000
+0.323
+0.000
+0.000
+0.000
+0.000
+0.392
+0.000
+0.000
+0.000
+0.000
+0.349
+0.000
+0.000
+0.000
+0.000
+0.211
+0.000
+0.000
+0.000
+0.000
-0.200
+0.000
+0.000
+0.000
+0.000
-1.321
+0.000
+0.000
+0.000
+0.000
-3.549
+0.000
+0.000
+0.000
+0.000
-9.013
+0.000
+0.000
+0.000
+0.000
-34.73
+0.000
+0.000
+0.000
+0.000
-84.57
+0.000
+0.000
+0.000
+0.000
-35.62
+0.000
+0.000
+0.000
+0.000
-35.38
+0.000
+0.000
+0.000
+0.000
-714.0
+0.000
+0.000
+0.000
+0.000
-16.19
+0.000
+0.000
+0.000
+0.000
-5.862
+0.000
+0.000
+0.000
+0.000
-2.856
+0.000
+0.000
+0.000
+0.000
-1.243
+0.000
+0.000
+0.000
+0.000
-0.489
+0.000
+0.000
+0.000
+0.000
-0.210
+0.000
+0.000
+0.000
+0.000
-0.125
+0.000
+0.000
+0.000
+0.000
-0.258
+0.000
+0.000
+0.000
+0.000
-0.249
+0.000
+0.000
+0.000
+0.000
-0.210
+0.000
+0.000
+0.000
+0.000
-0.174
+0.000
+0.000
+0.000
+0.000
-0.140
+0.000
+0.000
+0.000
+0.000
-0.111
+0.000
+0.000
+0.000
+0.000
-0.061
+0.000
+0.000
+0.000
+0.000
+0.003
+0.000
+0.000
+0.000
+0.000
+0.094
+0.000
+0.000
+0.000
+0.000
+0.163
+0.000
+0.000
+0.000
+0.000
+0.215
+0.000
+0.000
+0.000
+0.000
+0.257
+0.000
+0.000
+0.000
+0.000
+0.279
+0.000
+0.000
+0.000
+0.000
+0.265
+0.000
+0.000
+0.000
+0.000
+0.278
+0.000
+0.000
+0.000
+0.000
+0.281
+0.000
+0.000
+0.000
+0.000
+0.268
+0.000
+0.000
+0.000
+0.000
+0.239
+0.000
+0.000
+0.000
+0.000
+0.199
+0.000
+0.000
+0.000
+0.000
+0.160
+0.000
+0.000
+0.000
+0.000
+0.118
+0.000
+0.000
+0.000
+0.000
+0.076
+0.000
+0.000
+0.000
+0.000
+0.037
+0.000
+0.000
+0.000
+0.000
+0.002
+0.000
+0.000
+0.000
+0.000
-0.023
+0.000
+0.000
+0.000
+0.000
-0.029
+0.000
+0.000
+0.000
+0.000
-0.010
+0.000
+0.000
+0.000
+0.000
+0.014
+0.000
+0.000
+0.000
+0.000
+0.062
+0.000
+0.000
+0.000
+0.000
+0.116
+0.000
+0.000
+0.000
+0.000
+0.167
+0.000
+0.000
+0.000
+0.000
+0.212
+0.000
+0.000
+0.000
+0.000
+0.245
+0.000
+0.000
+0.000
+0.000
+0.262
+0.000
+0.000
+0.000
+0.000
+0.264
+0.000
+0.000
+0.000
+0.000
+0.252
+0.000
+0.000
+0.000
+0.000
+0.228
+0.000
+0.000
+0.000
+0.000
+0.195
+0.000
+0.000
+0.000
+0.000
+0.181
+0.000
+0.000
+0.000
+0.000
+0.185
+0.000
+0.000
+0.000
+0.000
+0.281
+0.000
+0.000
+0.000
+0.000
+0.399
+0.000
+0.000
+0.000
+0.000
+0.494
+0.000
+0.000
+0.000
+0.000
+0.557
+0.000
+0.000
+0.000
+0.000
+0.584
+0.000
+0.000
+0.000
+0.000
+0.598
+0.000
+0.000
+0.000
+0.000
+0.623
+0.000
+0.000
+0.000
+0.000
+0.611
+0.000
+0.000
+0.000
+0.000
+0.565
+0.000
+0.000
+0.000
+0.000
+0.501
+0.000
+0.000
+0.000
+0.000
+0.428
+0.000
+0.000
+0.000
+0.000
+0.332
+0.000
+0.000
+0.000
+0.000
+0.220
+0.000
+0.000
+0.000
+0.000
+0.113
+0.000
+0.000
+0.000
+0.000
+0.031
+0.000
+0.000
+0.000
+0.000
-0.013
+0.000
+0.000
+0.000
+0.000
-0.054
+0.000
+0.000
+0.000
+0.000
-0.092
+0.000
+0.000
+0.000
+0.000
-0.106
+0.000
+0.000
+0.000
+0.000
-0.096
+0.000
+0.000
+0.000
+0.000
-0.082
+0.000
+0.000
+0.000
+0.000
-0.066
+0.000
+0.000
+0.000
+0.000
-0.049
+0.000
+0.000
+0.000
+0.000
-0.034
+0.000
+0.000
+0.000
+0.000
-0.021
+0.000
+0.000
+0.000
+0.000
-0.004
+0.000
+0.000
+0.000
+0.000
+0.030
+0.000
+0.000
+0.000
+0.000
+0.058
+0.000
+0.000
+0.000
+0.000
+0.077
+0.000
+0.000
+0.000
+0.000
+0.087
+0.000
+0.000
+0.000
+0.000
+0.086
+0.000
+0.000
+0.000
+0.000
+0.081
+0.000
+0.000
+0.000
+0.000
+0.100
+0.000
+0.000
+0.000
+0.000
+0.116
+0.000
+0.000
+0.000
+0.000
+0.102
+0.000
+0.000
+0.000
+0.000
+0.078
+0.000
+0.000
+0.000
+0.000
+0.047
+0.000
+0.000
+0.000
+0.000
+0.010
+0.000
+0.000
+0.000
+0.000
-0.029
+0.000
+0.000
+0.000
+0.000
-0.066
+0.000
+0.000
+0.000
+0.000
-0.106
+0.000
+0.000
+0.000
+0.000
-0.163
+0.000
+0.000
+0.000
+0.000
-0.201
+0.000
+0.000
+0.000
+0.000
-0.220
+0.000
+0.000
+0.000
+0.000
-0.240
+0.000
+0.000
+0.000
+0.000
-0.254
+0.000
+0.000
+0.000
+0.000
-0.288
+0.000
+0.000
+0.000
+0.000
-0.348
+0.000
+0.000
+0.000
+0.000
-0.395
+0.000
+0.000
+0.000
+0.000
-0.449
+0.000
+0.000
+0.000
+0.000
-0.455
+0.000
+0.000
+0.000
+0.000
-0.441
+0.000
+0.000
+0.000
+0.000
-0.406
+0.000
+0.000
+0.000
+0.000
-0.355
+0.000
+0.000
+0.000
+0.000
-0.297
+0.000
+0.000
+0.000
+0.000
-0.268
+0.000
+0.000
+0.000
+0.000
-0.268
+0.000
+0.000
+0.000
+0.000
-0.259
+0.000
+0.000
+0.000
+0.000
-0.236
+0.000
+0.000
+0.000
+0.000
-0.218
+0.000
+0.000
+0.000
+0.000
-0.353
+0.000
+0.000
+0.000
+0.000
-0.563
+0.000
+0.000
+0.000
+0.000
-0.760
+0.000
+0.000
+0.000
+0.000
-0.956
+0.000
+0.000
+0.000
+0.000
-1.424
+0.000
+0.000
+0.000
+0.000
-2.163
+0.000
+0.000
+0.000
+0.000
-2.970
+0.000
+0.000
+0.000
+0.000
-2.853
+0.000
+0.000
+0.000
+0.000
-2.279
+0.000
+0.000
+0.000
+0.000
-4.293
+0.000
+0.000
+0.000
+0.000
-7.070
+0.000
+0.000
+0.000
+0.000
-5.938
+0.000
+0.000
+0.000
+0.000
-3.370
+0.000
+0.000
+0.000
+0.000
-1.835
+0.000
+0.000
+0.000
+0.000
-1.698
+0.000
+0.000
+0.000
+0.000
-0.997
+0.000
+0.000
+0.000
+0.000
-0.122
+0.000
+0.000
+0.000
+0.000
+0.360
+0.000
+0.000
+0.000
+0.000
+0.500
+0.000
+0.000
+0.000
+0.000
+0.451
+0.000
+0.000
+0.000
+0.000
+0.482
+0.000
+0.000
+0.000
+0.000
+0.408
+0.000
+0.000
+0.000
+0.000
+0.273
+0.000
+0.000
+0.000
+0.000
+0.138
+0.000
+0.000
+0.000
+0.000
+0.087
+0.000
+0.000
+0.000
+0.000
+0.032
+0.000
+0.000
+0.000
+0.000
-0.024
+0.000
+0.000
+0.000
+0.000
-0.108
+0.000
+0.000
+0.000
+0.000
-0.232
+0.000
+0.000
+0.000
+0.000
-0.347
+0.000
+0.000
+0.000
+0.000
-0.374
+0.000
+0.000
+0.000
+0.000
-0.412
+0.000
+0.000
+0.000
+0.000
-0.475
+0.000
+0.000
+0.000
+0.000
-0.559
+0.000
+0.000
+0.000
+0.000
-0.651
+0.000
+0.000
+0.000
+0.000
-0.737
+0.000
+0.000
+0.000
+0.000
-0.825
+0.000
+0.000
+0.000
+0.000
-0.927
+0.000
+0.000
+0.000
+0.000
-1.080
+0.000
+0.000
+0.000
+0.000
-1.279
+0.000
+0.000
+0.000
+0.000
-1.439
+0.000
+0.000
+0.000
+0.000
-1.511
+0.000
+0.000
+0.000
+0.000
-1.542
+0.000
+0.000
+0.000
+0.000
-1.721
+0.000
+0.000
+0.000
+0.000
-1.910
+0.000
+0.000
+0.000
+0.000
-2.045
+0.000
+0.000
+0.000
+0.000
-2.040
+0.000
+0.000
+0.000
+0.000
-1.956
+0.000
+0.000
+0.000
+0.000
-1.767
+0.000
+0.000
+0.000
+0.000
-1.607
+0.000
+0.000
+0.000
+0.000
-1.438
+0.000
+0.000
+0.000
+0.000
-1.216
+0.000
+0.000
+0.000
+0.000
-1.017
+0.000
+0.000
+0.000
+0.000
-0.844
+0.000
+0.000
+0.000
+0.000
-0.669
+0.000
+0.000
+0.000
+0.000
-0.505
+0.000
+0.000
+0.000
+0.000
-0.348
+0.000
+0.000
+0.000
+0.000
-0.202
+0.000
+0.000
+0.000
+0.000
-0.131
+0.000
+0.000
+0.000
+0.000
-0.052
+0.000
+0.000
+0.000
+0.000
+0.030
+0.000
+0.000
+0.000
+0.000
+0.104
+0.000
+0.000
+0.000
+0.000
+0.171
+0.000
+0.000
+0.000
+0.000
+0.266
+0.000
+0.000
+0.000
+0.000
+0.372
+0.000
+0.000
+0.000
+0.000
+0.499
+0.000
+0.000
+0.000
+0.000
+0.617
+0.000
+0.000
+0.000
+0.000
+0.723
+0.000
+0.000
+0.000
+0.000
+0.979
+0.000
+0.000
+0.000
+0.000
+1.384
+0.000
+0.000
+0.000
+0.000
+1.979
+0.000
+0.000
+0.000
+0.000
+2.771
+0.000
+0.000
+0.000
+0.000
+3.353
+0.000
+0.000
+0.000
+0.000
+3.433
+0.000
+0.000
+0.000
+0.000
+3.079
+0.000
+0.000
+0.000
+0.000
+2.481
+0.000
+0.000
+0.000
+0.000
+2.019
+0.000
+0.000
+0.000
+0.000
+1.646
+0.000
+0.000
+0.000
+0.000
+1.302
+0.000
+0.000
+0.000
+0.000
+1.019
+0.000
+0.000
+0.000
+0.000
+0.819
+0.000
+0.000
+0.000
+0.000
+0.762
+0.000
+0.000
+0.000
+0.000
+0.724
+0.000
+0.000
+0.000
+0.000
+0.731
+0.000
+0.000
+0.000
+0.000
+0.906
+0.000
+0.000
+0.000
+0.000
+1.070
+0.000
+0.000
+0.000
+0.000
+1.279
+0.000
+0.000
+0.000
+0.000
+1.790
+0.000
+0.000
+0.000
+0.000
+2.395
+0.000
+0.000
+0.000
+0.000
+2.886
+0.000
+0.000
+0.000
+0.000
+3.131
+0.000
+0.000
+0.000
+0.000
+3.105
+0.000
+0.000
+0.000
+0.000
+2.734
+0.000
+0.000
+0.000
+0.000
+2.177
+0.000
+0.000
+0.000
+0.000
+1.566
+0.000
+0.000
+0.000
+0.000
+1.186
+0.000
+0.000
+0.000
+0.000
+0.902
+0.000
+0.000
+0.000
+0.000
+0.724
+0.000
+0.000
+0.000
+0.000
+0.554
+0.000
+0.000
+0.000
+0.000
+0.420
+0.000
+0.000
+0.000
+0.000
+0.346
+0.000
+0.000
+0.000
+0.000
+0.294
+0.000
+0.000
+0.000
+0.000
+0.276
+0.000
+0.000
+0.000
+0.000
+0.240
+0.000
+0.000
+0.000
+0.000
+0.233
+0.000
+0.000
+0.000
+0.000
+0.228
+0.000
+0.000
+0.000
+0.000
+0.323
+0.000
+0.000
+0.000
+0.000
+0.421
+0.000
+0.000
+0.000
+0.000
+0.488
+0.000
+0.000
+0.000
+0.000
+0.508
+0.000
+0.000
+0.000
+0.000
+0.493
+0.000
+0.000
+0.000
+0.000
+0.456
+0.000
+0.000
+0.000
+0.000
+0.402
+0.000
+0.000
+0.000
+0.000
+0.350
+0.000
+0.000
+0.000
+0.000
+0.327
+0.000
+0.000
+0.000
+0.000
+0.328
+0.000
+0.000
+0.000
+0.000
+0.319
+0.000
+0.000
+0.000
+0.000
+0.319
+0.000
+0.000
+0.000
+0.000
+0.303
+0.000
+0.000
+0.000
+0.000
+0.272
+0.000
+0.000
+0.000
+0.000
+0.252
+0.000
+0.000
+0.000
+0.000
+0.245
+0.000
+0.000
+0.000
+0.000
+0.227
+0.000
+0.000
+0.000
+0.000
+0.210
+0.000
+0.000
+0.000
+0.000
+0.172
+0.000
+0.000
+0.000
+0.000
+0.121
+0.000
+0.000
+0.000
+0.000
+0.067
+0.000
+0.000
+0.000
+0.000
+0.021
+0.000
+0.000
+0.000
+0.000
+0.021
+0.000
+0.000
+0.000
+0.000
+0.058
+0.000
+0.000
+0.000
+0.000
+0.154
+0.000
+0.000
+0.000
+0.000
+0.241
+0.000
+0.000
+0.000
+0.000
+0.331
+0.000
+0.000
+0.000
+0.000
+0.399
+0.000
+0.000
+0.000
+0.000
+0.434
+0.000
+0.000
+0.000
+0.000
+0.431
+0.000
+0.000
+0.000
+0.000
+0.401
+0.000
+0.000
+0.000
+0.000
+0.357
+0.000
+0.000
+0.000
+0.000
+0.277
+0.000
+0.000
+0.000
+0.000
+0.176
+0.000
+0.000
+0.000
+0.000
+0.066
+0.000
+0.000
+0.000
+0.000
-0.018
+0.000
+0.000
+0.000
+0.000
-0.030
+0.000
+0.000
+0.000
+0.000
-0.043
+0.000
+0.000
+0.000
+0.000
-0.045
+0.000
+0.000
+0.000
+0.000
-0.045
+0.000
+0.000
+0.000
+0.000
-0.045
+0.000
+0.000
+0.000
+0.000
-0.045
+0.000
+0.000
+0.000
+0.000
-0.047
+0.000
+0.000
+0.000
+0.000
-0.049
+0.000
+0.000
+0.000
+0.000
-0.051
+0.000
+0.000
+0.000
+0.000
-0.053
+0.000
+0.000
+0.000
+0.000
-0.054
+0.000
+0.000
+0.000
+0.000
-0.055
+0.000
+0.000
+0.000
+0.000
-0.055
+0.000
+0.000
+0.000
+0.000
-0.056
+0.000
+0.000
+0.000
+0.000
-0.056
+0.000
+0.000
+0.000
+0.000
-0.056
+0.000
+0.000
+0.000
+0.000
-0.056
+0.000
+0.000
+0.000
+0.000
-0.056
+0.000
+0.000
+0.000
+0.000
-0.056
+0.000
+0.000
+0.000
+0.000
-0.056
+0.000
+0.000
+0.000
+0.000
