+0.000 
+0.000
+0.000
+0.000
+0.000
+4.364
+0.000
+0.000
+0.000
+0.000
+3.109
+0.000
+0.000
+0.000
+0.000
+3.101
+0.000
+0.000
+0.000
+0.000
+1.820
+0.000
+0.000
+0.000
+0.000
+1.667
+0.000
+0.000
+0.000
+0.000
+1.190
+0.000
+0.000
+0.000
+0.000
+1.006
+0.000
+0.000
+0.000
+0.000
+0.842
+0.000
+0.000
+0.000
+0.000
+0.698
+0.000
+0.000
+0.000
+0.000
+0.147
+0.000
+0.000
+0.000
+0.000
-0.078
+0.000
+0.000
+0.000
+0.000
-0.299
+0.000
+0.000
+0.000
+0.000
-0.640
+0.000
+0.000
+0.000
+0.000
-0.869
+0.000
+0.000
+0.000
+0.000
-1.082
+0.000
+0.000
+0.000
+0.000
-1.272
+0.000
+0.000
+0.000
+0.000
-1.428
+0.000
+0.000
+0.000
+0.000
-1.636
+0.000
+0.000
+0.000
+0.000
-1.695
+0.000
+0.000
+0.000
+0.000
+1.900
+0.000
+0.000
+0.000
+0.000
+1.797
+0.000
+0.000
+0.000
+0.000
+2.030
+0.000
+0.000
+0.000
+0.000
+1.268
+0.000
+0.000
+0.000
+0.000
+1.220
+0.000
+0.000
+0.000
+0.000
+0.908
+0.000
+0.000
+0.000
+0.000
+0.806
+0.000
+0.000
+0.000
+0.000
+0.705
+0.000
+0.000
+0.000
+0.000
+0.278
+0.000
+0.000
+0.000
+0.000
+0.043
+0.000
+0.000
+0.000
+0.000
-0.139
+0.000
+0.000
+0.000
+0.000
-0.320
+0.000
+0.000
+0.000
+0.000
-0.593
+0.000
+0.000
+0.000
+0.000
-0.799
+0.000
+0.000
+0.000
+0.000
-1.005
+0.000
+0.000
+0.000
+0.000
-1.226
+0.000
+0.000
+0.000
+0.000
-1.507
+0.000
+0.000
+0.000
+0.000
-1.657
+0.000
+0.000
+0.000
+0.000
-1.749
+0.000
+0.000
+0.000
+0.000
-1.426
+0.000
+0.000
+0.000
+0.000
-1.201
+0.000
+0.000
+0.000
+0.000
-1.001
+0.000
+0.000
+0.000
+0.000
-0.729
+0.000
+0.000
+0.000
+0.000
-0.310
+0.000
+0.000
+0.000
+0.000
-0.070
+0.000
+0.000
+0.000
+0.000
+0.131
+0.000
+0.000
+0.000
+0.000
+0.273
+0.000
+0.000
+0.000
+0.000
+0.072
+0.000
+0.000
+0.000
+0.000
+0.021
+0.000
+0.000
+0.000
+0.000
-0.057
+0.000
+0.000
+0.000
+0.000
-0.045
+0.000
+0.000
+0.000
+0.000
-0.133
+0.000
+0.000
+0.000
+0.000
-0.237
+0.000
+0.000
+0.000
+0.000
-0.444
+0.000
+0.000
+0.000
+0.000
-0.609
+0.000
+0.000
+0.000
+0.000
-0.806
+0.000
+0.000
+0.000
+0.000
-1.037
+0.000
+0.000
+0.000
+0.000
-1.223
+0.000
+0.000
+0.000
+0.000
-1.014
+0.000
+0.000
+0.000
+0.000
-0.901
+0.000
+0.000
+0.000
+0.000
-0.297
+0.000
+0.000
+0.000
+0.000
-0.047
+0.000
+0.000
+0.000
+0.000
+0.171
+0.000
+0.000
+0.000
+0.000
+0.356
+0.000
+0.000
+0.000
+0.000
+0.517
+0.000
+0.000
+0.000
+0.000
+0.787
+0.000
+0.000
+0.000
+0.000
+1.017
+0.000
+0.000
+0.000
+0.000
+1.050
+0.000
+0.000
+0.000
+0.000
+1.457
+0.000
+0.000
+0.000
+0.000
+1.517
+0.000
+0.000
+0.000
+0.000
+1.549
+0.000
+0.000
+0.000
+0.000
+1.561
+0.000
+0.000
+0.000
+0.000
+1.427
+0.000
+0.000
+0.000
+0.000
+1.178
+0.000
+0.000
+0.000
+0.000
+0.862
+0.000
+0.000
+0.000
+0.000
+0.573
+0.000
+0.000
+0.000
+0.000
+0.348
+0.000
+0.000
+0.000
+0.000
+0.112
+0.000
+0.000
+0.000
+0.000
-0.091
+0.000
+0.000
+0.000
+0.000
-0.259
+0.000
+0.000
+0.000
+0.000
-0.360
+0.000
+0.000
+0.000
+0.000
-0.360
+0.000
+0.000
+0.000
+0.000
-0.242
+0.000
+0.000
+0.000
+0.000
-0.066
+0.000
+0.000
+0.000
+0.000
+0.111
+0.000
+0.000
+0.000
+0.000
-0.184
+0.000
+0.000
+0.000
+0.000
-0.187
+0.000
+0.000
+0.000
+0.000
-0.192
+0.000
+0.000
+0.000
+0.000
-0.240
+0.000
+0.000
+0.000
+0.000
-0.287
+0.000
+0.000
+0.000
+0.000
-0.398
+0.000
+0.000
+0.000
+0.000
-0.550
+0.000
+0.000
+0.000
+0.000
-0.702
+0.000
+0.000
+0.000
+0.000
-0.858
+0.000
+0.000
+0.000
+0.000
-0.893
+0.000
+0.000
+0.000
+0.000
-0.923
+0.000
+0.000
+0.000
+0.000
-0.942
+0.000
+0.000
+0.000
+0.000
-0.907
+0.000
+0.000
+0.000
+0.000
-0.841
+0.000
+0.000
+0.000
+0.000
-0.745
+0.000
+0.000
+0.000
+0.000
-0.654
+0.000
+0.000
+0.000
+0.000
-0.560
+0.000
+0.000
+0.000
+0.000
-0.655
+0.000
+0.000
+0.000
+0.000
-0.327
+0.000
+0.000
+0.000
+0.000
-0.047
+0.000
+0.000
+0.000
+0.000
+0.187
+0.000
+0.000
+0.000
+0.000
+0.401
+0.000
+0.000
+0.000
+0.000
+0.528
+0.000
+0.000
+0.000
+0.000
+0.440
+0.000
+0.000
+0.000
+0.000
+0.363
+0.000
+0.000
+0.000
+0.000
+0.365
+0.000
+0.000
+0.000
+0.000
+0.365
+0.000
+0.000
+0.000
+0.000
+0.371
+0.000
+0.000
+0.000
+0.000
+0.300
+0.000
+0.000
+0.000
+0.000
+0.203
+0.000
+0.000
+0.000
+0.000
+0.108
+0.000
+0.000
+0.000
+0.000
+0.007
+0.000
+0.000
+0.000
+0.000
-0.098
+0.000
+0.000
+0.000
+0.000
-0.210
+0.000
+0.000
+0.000
+0.000
-0.147
+0.000
+0.000
+0.000
+0.000
-0.294
+0.000
+0.000
+0.000
+0.000
-0.354
+0.000
+0.000
+0.000
+0.000
-0.450
+0.000
+0.000
+0.000
+0.000
-0.549
+0.000
+0.000
+0.000
+0.000
-0.530
+0.000
+0.000
+0.000
+0.000
-0.464
+0.000
+0.000
+0.000
+0.000
-0.397
+0.000
+0.000
+0.000
+0.000
-0.316
+0.000
+0.000
+0.000
+0.000
-0.241
+0.000
+0.000
+0.000
+0.000
-0.105
+0.000
+0.000
+0.000
+0.000
+0.013
+0.000
+0.000
+0.000
+0.000
+0.056
+0.000
+0.000
+0.000
+0.000
+0.095
+0.000
+0.000
+0.000
+0.000
+0.115
+0.000
+0.000
+0.000
+0.000
+0.119
+0.000
+0.000
+0.000
+0.000
+0.116
+0.000
+0.000
+0.000
+0.000
+0.070
+0.000
+0.000
+0.000
+0.000
+0.028
+0.000
+0.000
+0.000
+0.000
+0.034
+0.000
+0.000
+0.000
+0.000
-0.043
+0.000
+0.000
+0.000
+0.000
-0.168
+0.000
+0.000
+0.000
+0.000
-0.235
+0.000
+0.000
+0.000
+0.000
-0.190
+0.000
+0.000
+0.000
+0.000
+0.024
+0.000
+0.000
+0.000
+0.000
+0.223
+0.000
+0.000
+0.000
+0.000
+0.535
+0.000
+0.000
+0.000
+0.000
+0.981
+0.000
+0.000
+0.000
+0.000
+1.307
+0.000
+0.000
+0.000
+0.000
+1.450
+0.000
+0.000
+0.000
+0.000
+1.621
+0.000
+0.000
+0.000
+0.000
+1.671
+0.000
+0.000
+0.000
+0.000
+1.676
+0.000
+0.000
+0.000
+0.000
+1.645
+0.000
+0.000
+0.000
+0.000
+1.432
+0.000
+0.000
+0.000
+0.000
+1.195
+0.000
+0.000
+0.000
+0.000
+0.974
+0.000
+0.000
+0.000
+0.000
+0.705
+0.000
+0.000
+0.000
+0.000
+0.446
+0.000
+0.000
+0.000
+0.000
+0.264
+0.000
+0.000
+0.000
+0.000
+0.095
+0.000
+0.000
+0.000
+0.000
+0.099
+0.000
+0.000
+0.000
+0.000
+0.226
+0.000
+0.000
+0.000
+0.000
+0.416
+0.000
+0.000
+0.000
+0.000
+0.574
+0.000
+0.000
+0.000
+0.000
+0.697
+0.000
+0.000
+0.000
+0.000
+0.755
+0.000
+0.000
+0.000
+0.000
+0.829
+0.000
+0.000
+0.000
+0.000
+0.884
+0.000
+0.000
+0.000
+0.000
+0.749
+0.000
+0.000
+0.000
+0.000
+0.478
+0.000
+0.000
+0.000
+0.000
+0.140
+0.000
+0.000
+0.000
+0.000
-0.204
+0.000
+0.000
+0.000
+0.000
-0.529
+0.000
+0.000
+0.000
+0.000
-0.839
+0.000
+0.000
+0.000
+0.000
-1.033
+0.000
+0.000
+0.000
+0.000
-1.158
+0.000
+0.000
+0.000
+0.000
-1.262
+0.000
+0.000
+0.000
+0.000
-1.275
+0.000
+0.000
+0.000
+0.000
-1.211
+0.000
+0.000
+0.000
+0.000
-0.919
+0.000
+0.000
+0.000
+0.000
-0.620
+0.000
+0.000
+0.000
+0.000
+0.194
+0.000
+0.000
+0.000
+0.000
+0.633
+0.000
+0.000
+0.000
+0.000
+1.010
+0.000
+0.000
+0.000
+0.000
+1.444
+0.000
+0.000
+0.000
+0.000
+1.791
+0.000
+0.000
+0.000
+0.000
+2.057
+0.000
+0.000
+0.000
+0.000
+2.354
+0.000
+0.000
+0.000
+0.000
+2.448
+0.000
+0.000
+0.000
+0.000
+2.221
+0.000
+0.000
+0.000
+0.000
+1.874
+0.000
+0.000
+0.000
+0.000
+1.499
+0.000
+0.000
+0.000
+0.000
+1.139
+0.000
+0.000
+0.000
+0.000
+0.770
+0.000
+0.000
+0.000
+0.000
+0.461
+0.000
+0.000
+0.000
+0.000
+0.165
+0.000
+0.000
+0.000
+0.000
-0.050
+0.000
+0.000
+0.000
+0.000
-0.240
+0.000
+0.000
+0.000
+0.000
-0.429
+0.000
+0.000
+0.000
+0.000
-0.580
+0.000
+0.000
+0.000
+0.000
-0.726
+0.000
+0.000
+0.000
+0.000
-0.806
+0.000
+0.000
+0.000
+0.000
-0.754
+0.000
+0.000
+0.000
+0.000
-0.653
+0.000
+0.000
+0.000
+0.000
-0.576
+0.000
+0.000
+0.000
+0.000
-0.536
+0.000
+0.000
+0.000
+0.000
-0.581
+0.000
+0.000
+0.000
+0.000
-0.633
+0.000
+0.000
+0.000
+0.000
-0.701
+0.000
+0.000
+0.000
+0.000
-0.683
+0.000
+0.000
+0.000
+0.000
-0.580
+0.000
+0.000
+0.000
+0.000
-0.512
+0.000
+0.000
+0.000
+0.000
-0.503
+0.000
+0.000
+0.000
+0.000
-0.477
+0.000
+0.000
+0.000
+0.000
-0.392
+0.000
+0.000
+0.000
+0.000
-0.450
+0.000
+0.000
+0.000
+0.000
-0.480
+0.000
+0.000
+0.000
+0.000
-0.423
+0.000
+0.000
+0.000
+0.000
-0.363
+0.000
+0.000
+0.000
+0.000
-0.298
+0.000
+0.000
+0.000
+0.000
-0.229
+0.000
+0.000
+0.000
+0.000
-0.141
+0.000
+0.000
+0.000
+0.000
-0.057
+0.000
+0.000
+0.000
+0.000
+0.039
+0.000
+0.000
+0.000
+0.000
+0.265
+0.000
+0.000
+0.000
+0.000
+0.434
+0.000
+0.000
+0.000
+0.000
+0.491
+0.000
+0.000
+0.000
+0.000
+0.457
+0.000
+0.000
+0.000
+0.000
+0.479
+0.000
+0.000
+0.000
+0.000
+0.748
+0.000
+0.000
+0.000
+0.000
+1.012
+0.000
+0.000
+0.000
+0.000
+1.026
+0.000
+0.000
+0.000
+0.000
+1.032
+0.000
+0.000
+0.000
+0.000
+1.020
+0.000
+0.000
+0.000
+0.000
+1.025
+0.000
+0.000
+0.000
+0.000
+0.442
+0.000
+0.000
+0.000
+0.000
+0.358
+0.000
+0.000
+0.000
+0.000
+0.345
+0.000
+0.000
+0.000
+0.000
+0.265
+0.000
+0.000
+0.000
+0.000
+0.147
+0.000
+0.000
+0.000
+0.000
+0.110
+0.000
+0.000
+0.000
+0.000
+0.076
+0.000
+0.000
+0.000
+0.000
+0.040
+0.000
+0.000
+0.000
+0.000
-0.042
+0.000
+0.000
+0.000
+0.000
-0.094
+0.000
+0.000
+0.000
+0.000
-0.081
+0.000
+0.000
+0.000
+0.000
+0.098
+0.000
+0.000
+0.000
+0.000
+0.111
+0.000
+0.000
+0.000
+0.000
+0.026
+0.000
+0.000
+0.000
+0.000
-0.035
+0.000
+0.000
+0.000
+0.000
-0.139
+0.000
+0.000
+0.000
+0.000
-0.189
+0.000
+0.000
+0.000
+0.000
-0.268
+0.000
+0.000
+0.000
+0.000
-0.321
+0.000
+0.000
+0.000
+0.000
-0.380
+0.000
+0.000
+0.000
+0.000
-0.459
+0.000
+0.000
+0.000
+0.000
-0.512
+0.000
+0.000
+0.000
+0.000
-0.569
+0.000
+0.000
+0.000
+0.000
-0.677
+0.000
+0.000
+0.000
+0.000
-0.766
+0.000
+0.000
+0.000
+0.000
-0.892
+0.000
+0.000
+0.000
+0.000
-1.030
+0.000
+0.000
+0.000
+0.000
-1.038
+0.000
+0.000
+0.000
+0.000
-1.063
+0.000
+0.000
+0.000
+0.000
-1.087
+0.000
+0.000
+0.000
+0.000
-0.948
+0.000
+0.000
+0.000
+0.000
-0.676
+0.000
+0.000
+0.000
+0.000
-0.141
+0.000
+0.000
+0.000
+0.000
+0.360
+0.000
+0.000
+0.000
+0.000
+0.807
+0.000
+0.000
+0.000
+0.000
+1.095
+0.000
+0.000
+0.000
+0.000
+1.307
+0.000
+0.000
+0.000
+0.000
+1.596
+0.000
+0.000
+0.000
+0.000
+1.979
+0.000
+0.000
+0.000
+0.000
+2.291
+0.000
+0.000
+0.000
+0.000
+2.446
+0.000
+0.000
+0.000
+0.000
+2.242
+0.000
+0.000
+0.000
+0.000
+2.071
+0.000
+0.000
+0.000
+0.000
+1.889
+0.000
+0.000
+0.000
+0.000
+1.548
+0.000
+0.000
+0.000
+0.000
+1.264
+0.000
+0.000
+0.000
+0.000
+1.037
+0.000
+0.000
+0.000
+0.000
+0.888
+0.000
+0.000
+0.000
+0.000
+0.700
+0.000
+0.000
+0.000
+0.000
+0.493
+0.000
+0.000
+0.000
+0.000
+0.240
+0.000
+0.000
+0.000
+0.000
-0.034
+0.000
+0.000
+0.000
+0.000
-0.245
+0.000
+0.000
+0.000
+0.000
-0.453
+0.000
+0.000
+0.000
+0.000
-0.517
+0.000
+0.000
+0.000
+0.000
-0.547
+0.000
+0.000
+0.000
+0.000
-0.649
+0.000
+0.000
+0.000
+0.000
-0.573
+0.000
+0.000
+0.000
+0.000
-0.550
+0.000
+0.000
+0.000
+0.000
-0.532
+0.000
+0.000
+0.000
+0.000
-0.543
+0.000
+0.000
+0.000
+0.000
-0.547
+0.000
+0.000
+0.000
+0.000
-0.537
+0.000
+0.000
+0.000
+0.000
-0.540
+0.000
+0.000
+0.000
+0.000
-0.569
+0.000
+0.000
+0.000
+0.000
-0.612
+0.000
+0.000
+0.000
+0.000
-0.651
+0.000
+0.000
+0.000
+0.000
-0.644
+0.000
+0.000
+0.000
+0.000
-0.577
+0.000
+0.000
+0.000
+0.000
-0.501
+0.000
+0.000
+0.000
+0.000
-0.334
+0.000
+0.000
+0.000
+0.000
-0.152
+0.000
+0.000
+0.000
+0.000
+0.073
+0.000
+0.000
+0.000
+0.000
+0.468
+0.000
+0.000
+0.000
+0.000
+0.797
+0.000
+0.000
+0.000
+0.000
+1.053
+0.000
+0.000
+0.000
+0.000
+1.532
+0.000
+0.000
+0.000
+0.000
+1.719
+0.000
+0.000
+0.000
+0.000
+1.826
+0.000
+0.000
+0.000
+0.000
+1.851
+0.000
+0.000
+0.000
+0.000
+1.806
+0.000
+0.000
+0.000
+0.000
+1.716
+0.000
+0.000
+0.000
+0.000
+1.595
+0.000
+0.000
+0.000
+0.000
+1.312
+0.000
+0.000
+0.000
+0.000
+0.949
+0.000
+0.000
+0.000
+0.000
+0.657
+0.000
+0.000
+0.000
+0.000
+0.338
+0.000
+0.000
+0.000
+0.000
+0.051
+0.000
+0.000
+0.000
+0.000
-0.196
+0.000
+0.000
+0.000
+0.000
-0.402
+0.000
+0.000
+0.000
+0.000
-0.574
+0.000
+0.000
+0.000
+0.000
-0.724
+0.000
+0.000
+0.000
+0.000
-0.832
+0.000
+0.000
+0.000
+0.000
-0.917
+0.000
+0.000
+0.000
+0.000
-0.975
+0.000
+0.000
+0.000
+0.000
-0.988
+0.000
+0.000
+0.000
+0.000
-0.955
+0.000
+0.000
+0.000
+0.000
-0.842
+0.000
+0.000
+0.000
+0.000
-0.675
+0.000
+0.000
+0.000
+0.000
-0.284
+0.000
+0.000
+0.000
+0.000
-0.069
+0.000
+0.000
+0.000
+0.000
+0.073
+0.000
+0.000
+0.000
+0.000
+0.020
+0.000
+0.000
+0.000
+0.000
+0.104
+0.000
+0.000
+0.000
+0.000
+0.134
+0.000
+0.000
+0.000
+0.000
+0.244
+0.000
+0.000
+0.000
+0.000
+0.336
+0.000
+0.000
+0.000
+0.000
+0.424
+0.000
+0.000
+0.000
+0.000
+0.467
+0.000
+0.000
+0.000
+0.000
+0.485
+0.000
+0.000
+0.000
+0.000
+0.444
+0.000
+0.000
+0.000
+0.000
+0.379
+0.000
+0.000
+0.000
+0.000
+0.328
+0.000
+0.000
+0.000
+0.000
+0.311
+0.000
+0.000
+0.000
+0.000
+0.291
+0.000
+0.000
+0.000
+0.000
+0.253
+0.000
+0.000
+0.000
+0.000
+0.202
+0.000
+0.000
+0.000
+0.000
+0.189
+0.000
+0.000
+0.000
+0.000
+0.203
+0.000
+0.000
+0.000
+0.000
+0.489
+0.000
+0.000
+0.000
+0.000
+0.726
+0.000
+0.000
+0.000
+0.000
+0.853
+0.000
+0.000
+0.000
+0.000
+0.804
+0.000
+0.000
+0.000
+0.000
+0.480
+0.000
+0.000
+0.000
+0.000
+0.359
+0.000
+0.000
+0.000
+0.000
+0.189
+0.000
+0.000
+0.000
+0.000
+0.007
+0.000
+0.000
+0.000
+0.000
-0.051
+0.000
+0.000
+0.000
+0.000
-0.131
+0.000
+0.000
+0.000
+0.000
-0.144
+0.000
+0.000
+0.000
+0.000
-0.160
+0.000
+0.000
+0.000
+0.000
-0.164
+0.000
+0.000
+0.000
+0.000
-0.161
+0.000
+0.000
+0.000
+0.000
-0.085
+0.000
+0.000
+0.000
+0.000
+0.062
+0.000
+0.000
+0.000
+0.000
+0.251
+0.000
+0.000
+0.000
+0.000
+0.755
+0.000
+0.000
+0.000
+0.000
+1.165
+0.000
+0.000
+0.000
+0.000
+1.621
+0.000
+0.000
+0.000
+0.000
+2.078
+0.000
+0.000
+0.000
+0.000
+2.519
+0.000
+0.000
+0.000
+0.000
+2.934
+0.000
+0.000
+0.000
+0.000
+3.336
+0.000
+0.000
+0.000
+0.000
+3.610
+0.000
+0.000
+0.000
+0.000
+3.290
+0.000
+0.000
+0.000
+0.000
+2.989
+0.000
+0.000
+0.000
+0.000
+2.575
+0.000
+0.000
+0.000
+0.000
+2.181
+0.000
+0.000
+0.000
+0.000
+1.756
+0.000
+0.000
+0.000
+0.000
+1.155
+0.000
+0.000
+0.000
+0.000
+0.605
+0.000
+0.000
+0.000
+0.000
+0.231
+0.000
+0.000
+0.000
+0.000
-0.003
+0.000
+0.000
+0.000
+0.000
-0.180
+0.000
+0.000
+0.000
+0.000
-0.347
+0.000
+0.000
+0.000
+0.000
-0.299
+0.000
+0.000
+0.000
+0.000
-0.248
+0.000
+0.000
+0.000
+0.000
-0.044
+0.000
+0.000
+0.000
+0.000
+0.220
+0.000
+0.000
+0.000
+0.000
+0.599
+0.000
+0.000
+0.000
+0.000
+1.040
+0.000
+0.000
+0.000
+0.000
+1.593
+0.000
+0.000
+0.000
+0.000
+2.294
+0.000
+0.000
+0.000
+0.000
+3.295
+0.000
+0.000
+0.000
+0.000
+4.915
+0.000
+0.000
+0.000
+0.000
+6.171
+0.000
+0.000
+0.000
+0.000
+8.087
+0.000
+0.000
+0.000
+0.000
+11.89
+0.000
+0.000
+0.000
+0.000
+16.27
+0.000
+0.000
+0.000
+0.000
+21.60
+0.000
+0.000
+0.000
+0.000
+34.89
+0.000
+0.000
+0.000
+0.000
+142.7
+0.000
+0.000
+0.000
+0.000
+61.89
+0.000
+0.000
+0.000
+0.000
+19.37
+0.000
+0.000
+0.000
+0.000
+11.22
+0.000
+0.000
+0.000
+0.000
+7.177
+0.000
+0.000
+0.000
+0.000
+4.620
+0.000
+0.000
+0.000
+0.000
+2.727
+0.000
+0.000
+0.000
+0.000
+1.197
+0.000
+0.000
+0.000
+0.000
-0.862
+0.000
+0.000
+0.000
+0.000
-3.910
+0.000
+0.000
+0.000
+0.000
-9.676
+0.000
+0.000
+0.000
+0.000
-33.03
+0.000
+0.000
+0.000
+0.000
-13269
+0.000
+0.000
+0.000
+0.000
-137.0
+0.000
+0.000
+0.000
+0.000
-230.5
+0.000
+0.000
+0.000
+0.000
-27.57
+0.000
+0.000
+0.000
+0.000
-11.70
+0.000
+0.000
+0.000
+0.000
-5.442
+0.000
+0.000
+0.000
+0.000
-2.393
+0.000
+0.000
+0.000
+0.000
-1.056
+0.000
+0.000
+0.000
+0.000
-0.354
+0.000
+0.000
+0.000
+0.000
-0.029
+0.000
+0.000
+0.000
+0.000
+0.035
+0.000
+0.000
+0.000
+0.000
+0.088
+0.000
+0.000
+0.000
+0.000
+0.087
+0.000
+0.000
+0.000
+0.000
-0.118
+0.000
+0.000
+0.000
+0.000
-0.434
+0.000
+0.000
+0.000
+0.000
-0.694
+0.000
+0.000
+0.000
+0.000
-0.892
+0.000
+0.000
+0.000
+0.000
-1.063
+0.000
+0.000
+0.000
+0.000
-1.189
+0.000
+0.000
+0.000
+0.000
-1.259
+0.000
+0.000
+0.000
+0.000
-1.265
+0.000
+0.000
+0.000
+0.000
-1.105
+0.000
+0.000
+0.000
+0.000
-0.844
+0.000
+0.000
+0.000
+0.000
-0.490
+0.000
+0.000
+0.000
+0.000
-0.065
+0.000
+0.000
+0.000
+0.000
+0.388
+0.000
+0.000
+0.000
+0.000
+0.810
+0.000
+0.000
+0.000
+0.000
+1.104
+0.000
+0.000
+0.000
+0.000
+1.103
+0.000
+0.000
+0.000
+0.000
+1.036
+0.000
+0.000
+0.000
+0.000
+0.971
+0.000
+0.000
+0.000
+0.000
+0.836
+0.000
+0.000
+0.000
+0.000
+0.659
+0.000
+0.000
+0.000
+0.000
+0.472
+0.000
+0.000
+0.000
+0.000
+0.294
+0.000
+0.000
+0.000
+0.000
+0.126
+0.000
+0.000
+0.000
+0.000
-0.051
+0.000
+0.000
+0.000
+0.000
-0.175
+0.000
+0.000
+0.000
+0.000
-0.239
+0.000
+0.000
+0.000
+0.000
-0.307
+0.000
+0.000
+0.000
+0.000
-0.423
+0.000
+0.000
+0.000
+0.000
-0.543
+0.000
+0.000
+0.000
+0.000
-0.738
+0.000
+0.000
+0.000
+0.000
-0.975
+0.000
+0.000
+0.000
+0.000
-1.220
+0.000
+0.000
+0.000
+0.000
-1.441
+0.000
+0.000
+0.000
+0.000
-1.591
+0.000
+0.000
+0.000
+0.000
-1.618
+0.000
+0.000
+0.000
+0.000
-1.503
+0.000
+0.000
+0.000
+0.000
-1.266
+0.000
+0.000
+0.000
+0.000
-0.965
+0.000
+0.000
+0.000
+0.000
-0.685
+0.000
+0.000
+0.000
+0.000
-0.464
+0.000
+0.000
+0.000
+0.000
-0.289
+0.000
+0.000
+0.000
+0.000
-0.191
+0.000
+0.000
+0.000
+0.000
-0.304
+0.000
+0.000
+0.000
+0.000
-0.433
+0.000
+0.000
+0.000
+0.000
-0.559
+0.000
+0.000
+0.000
+0.000
-0.780
+0.000
+0.000
+0.000
+0.000
-1.160
+0.000
+0.000
+0.000
+0.000
-1.526
+0.000
+0.000
+0.000
+0.000
-1.838
+0.000
+0.000
+0.000
+0.000
-2.059
+0.000
+0.000
+0.000
+0.000
-2.164
+0.000
+0.000
+0.000
+0.000
-2.140
+0.000
+0.000
+0.000
+0.000
-2.086
+0.000
+0.000
+0.000
+0.000
-1.990
+0.000
+0.000
+0.000
+0.000
-1.812
+0.000
+0.000
+0.000
+0.000
-1.781
+0.000
+0.000
+0.000
+0.000
-1.745
+0.000
+0.000
+0.000
+0.000
-1.557
+0.000
+0.000
+0.000
+0.000
-1.433
+0.000
+0.000
+0.000
+0.000
-1.585
+0.000
+0.000
+0.000
+0.000
-1.823
+0.000
+0.000
+0.000
+0.000
-2.198
+0.000
+0.000
+0.000
+0.000
-2.622
+0.000
+0.000
+0.000
+0.000
-2.874
+0.000
+0.000
+0.000
+0.000
-2.915
+0.000
+0.000
+0.000
+0.000
-2.888
+0.000
+0.000
+0.000
+0.000
-2.882
+0.000
+0.000
+0.000
+0.000
-2.910
+0.000
+0.000
+0.000
+0.000
-2.947
+0.000
+0.000
+0.000
+0.000
-2.942
+0.000
+0.000
+0.000
+0.000
-2.796
+0.000
+0.000
+0.000
+0.000
-2.571
+0.000
+0.000
+0.000
+0.000
-2.186
+0.000
+0.000
+0.000
+0.000
-1.723
+0.000
+0.000
+0.000
+0.000
-1.374
+0.000
+0.000
+0.000
+0.000
-1.346
+0.000
+0.000
+0.000
+0.000
-1.233
+0.000
+0.000
+0.000
+0.000
-1.011
+0.000
+0.000
+0.000
+0.000
-0.630
+0.000
+0.000
+0.000
+0.000
-0.371
+0.000
+0.000
+0.000
+0.000
-0.227
+0.000
+0.000
+0.000
+0.000
-0.056
+0.000
+0.000
+0.000
+0.000
-0.177
+0.000
+0.000
+0.000
+0.000
-0.226
+0.000
+0.000
+0.000
+0.000
-0.214
+0.000
+0.000
+0.000
+0.000
-0.558
+0.000
+0.000
+0.000
+0.000
-0.954
+0.000
+0.000
+0.000
+0.000
-1.317
+0.000
+0.000
+0.000
+0.000
-1.580
+0.000
+0.000
+0.000
+0.000
-1.732
+0.000
+0.000
+0.000
+0.000
-1.719
+0.000
+0.000
+0.000
+0.000
-1.608
+0.000
+0.000
+0.000
+0.000
-1.648
+0.000
+0.000
+0.000
+0.000
-1.615
+0.000
+0.000
+0.000
+0.000
-1.644
+0.000
+0.000
+0.000
+0.000
-1.717
+0.000
+0.000
+0.000
+0.000
-1.811
+0.000
+0.000
+0.000
+0.000
-1.714
+0.000
+0.000
+0.000
+0.000
-1.620
+0.000
+0.000
+0.000
+0.000
-1.709
+0.000
+0.000
+0.000
+0.000
-1.750
+0.000
+0.000
+0.000
+0.000
-1.722
+0.000
+0.000
+0.000
+0.000
-1.630
+0.000
+0.000
+0.000
+0.000
-1.570
+0.000
+0.000
+0.000
+0.000
-1.702
+0.000
+0.000
+0.000
+0.000
-2.413
+0.000
+0.000
+0.000
+0.000
-4.655
+0.000
+0.000
+0.000
+0.000
-15.97
+0.000
+0.000
+0.000
+0.000
-28.42
+0.000
+0.000
+0.000
+0.000
-10.23
+0.000
+0.000
+0.000
+0.000
-7.389
+0.000
+0.000
+0.000
+0.000
-6.097
+0.000
+0.000
+0.000
+0.000
-5.646
+0.000
+0.000
+0.000
+0.000
-5.746
+0.000
+0.000
+0.000
+0.000
-6.018
+0.000
+0.000
+0.000
+0.000
-5.541
+0.000
+0.000
+0.000
+0.000
-4.940
+0.000
+0.000
+0.000
+0.000
-4.535
+0.000
+0.000
+0.000
+0.000
-3.862
+0.000
+0.000
+0.000
+0.000
-2.029
+0.000
+0.000
+0.000
+0.000
-0.264
+0.000
+0.000
+0.000
+0.000
+0.888
+0.000
+0.000
+0.000
+0.000
+1.753
+0.000
+0.000
+0.000
+0.000
+2.434
+0.000
+0.000
+0.000
+0.000
+3.175
+0.000
+0.000
+0.000
+0.000
+4.017
+0.000
+0.000
+0.000
+0.000
+5.347
+0.000
+0.000
+0.000
+0.000
+6.670
+0.000
+0.000
+0.000
+0.000
+8.040
+0.000
+0.000
+0.000
+0.000
+12.53
+0.000
+0.000
+0.000
+0.000
+17.14
+0.000
+0.000
+0.000
+0.000
+15.63
+0.000
+0.000
+0.000
+0.000
-29.61
+0.000
+0.000
+0.000
+0.000
-42.47
+0.000
+0.000
+0.000
+0.000
-5.827
+0.000
+0.000
+0.000
+0.000
-3.768
+0.000
+0.000
+0.000
+0.000
-3.259
+0.000
+0.000
+0.000
+0.000
-3.140
+0.000
+0.000
+0.000
+0.000
-3.165
+0.000
+0.000
+0.000
+0.000
-3.253
+0.000
+0.000
+0.000
+0.000
-3.297
+0.000
+0.000
+0.000
+0.000
-3.390
+0.000
+0.000
+0.000
+0.000
-3.537
+0.000
+0.000
+0.000
+0.000
-3.701
+0.000
+0.000
+0.000
+0.000
-3.652
+0.000
+0.000
+0.000
+0.000
-2.368
+0.000
+0.000
+0.000
+0.000
-1.313
+0.000
+0.000
+0.000
+0.000
-0.733
+0.000
+0.000
+0.000
+0.000
-0.503
+0.000
+0.000
+0.000
+0.000
-0.356
+0.000
+0.000
+0.000
+0.000
-0.284
+0.000
+0.000
+0.000
+0.000
-0.279
+0.000
+0.000
+0.000
+0.000
-0.354
+0.000
+0.000
+0.000
+0.000
-0.514
+0.000
+0.000
+0.000
+0.000
-0.734
+0.000
+0.000
+0.000
+0.000
-1.042
+0.000
+0.000
+0.000
+0.000
-1.452
+0.000
+0.000
+0.000
+0.000
-1.932
+0.000
+0.000
+0.000
+0.000
-2.461
+0.000
+0.000
+0.000
+0.000
-3.150
+0.000
+0.000
+0.000
+0.000
-2.967
+0.000
+0.000
+0.000
+0.000
-2.397
+0.000
+0.000
+0.000
+0.000
-1.802
+0.000
+0.000
+0.000
+0.000
-1.268
+0.000
+0.000
+0.000
+0.000
-0.668
+0.000
+0.000
+0.000
+0.000
-0.214
+0.000
+0.000
+0.000
+0.000
+0.248
+0.000
+0.000
+0.000
+0.000
+0.560
+0.000
+0.000
+0.000
+0.000
+0.791
+0.000
+0.000
+0.000
+0.000
+0.935
+0.000
+0.000
+0.000
+0.000
+1.068
+0.000
+0.000
+0.000
+0.000
+1.091
+0.000
+0.000
+0.000
+0.000
+0.923
+0.000
+0.000
+0.000
+0.000
+0.654
+0.000
+0.000
+0.000
+0.000
+0.438
+0.000
+0.000
+0.000
+0.000
+0.202
+0.000
+0.000
+0.000
+0.000
+0.007
+0.000
+0.000
+0.000
+0.000
-0.221
+0.000
+0.000
+0.000
+0.000
-0.420
+0.000
+0.000
+0.000
+0.000
-0.536
+0.000
+0.000
+0.000
+0.000
-0.677
+0.000
+0.000
+0.000
+0.000
-0.812
+0.000
+0.000
+0.000
+0.000
-0.968
+0.000
+0.000
+0.000
+0.000
-1.120
+0.000
+0.000
+0.000
+0.000
-1.238
+0.000
+0.000
+0.000
+0.000
-1.382
+0.000
+0.000
+0.000
+0.000
-1.553
+0.000
+0.000
+0.000
+0.000
-1.725
+0.000
+0.000
+0.000
+0.000
-1.925
+0.000
+0.000
+0.000
+0.000
-2.190
+0.000
+0.000
+0.000
+0.000
-2.393
+0.000
+0.000
+0.000
+0.000
-2.487
+0.000
+0.000
+0.000
+0.000
-2.543
+0.000
+0.000
+0.000
+0.000
-2.588
+0.000
+0.000
+0.000
+0.000
-2.630
+0.000
+0.000
+0.000
+0.000
-2.724
+0.000
+0.000
+0.000
+0.000
-2.857
+0.000
+0.000
+0.000
+0.000
-2.949
+0.000
+0.000
+0.000
+0.000
-2.954
+0.000
+0.000
+0.000
+0.000
-2.766
+0.000
+0.000
+0.000
+0.000
-2.576
+0.000
+0.000
+0.000
+0.000
-2.391
+0.000
+0.000
+0.000
+0.000
-2.211
+0.000
+0.000
+0.000
+0.000
-2.071
+0.000
+0.000
+0.000
+0.000
-1.783
+0.000
+0.000
+0.000
+0.000
-1.373
+0.000
+0.000
+0.000
+0.000
-0.959
+0.000
+0.000
+0.000
+0.000
-0.570
+0.000
+0.000
+0.000
+0.000
-0.214
+0.000
+0.000
+0.000
+0.000
+0.042
+0.000
+0.000
+0.000
+0.000
+0.209
+0.000
+0.000
+0.000
+0.000
+0.192
+0.000
+0.000
+0.000
+0.000
+0.050
+0.000
+0.000
+0.000
+0.000
-0.155
+0.000
+0.000
+0.000
+0.000
-0.320
+0.000
+0.000
+0.000
+0.000
-0.384
+0.000
+0.000
+0.000
+0.000
-0.337
+0.000
+0.000
+0.000
+0.000
-0.253
+0.000
+0.000
+0.000
+0.000
-0.160
+0.000
+0.000
+0.000
+0.000
-0.047
+0.000
+0.000
+0.000
+0.000
+0.044
+0.000
+0.000
+0.000
+0.000
+0.137
+0.000
+0.000
+0.000
+0.000
+0.230
+0.000
+0.000
+0.000
+0.000
+0.293
+0.000
+0.000
+0.000
+0.000
+0.338
+0.000
+0.000
+0.000
+0.000
+0.410
+0.000
+0.000
+0.000
+0.000
+0.429
+0.000
+0.000
+0.000
+0.000
+0.372
+0.000
+0.000
+0.000
+0.000
+0.250
+0.000
+0.000
+0.000
+0.000
+0.211
+0.000
+0.000
+0.000
+0.000
+0.293
+0.000
+0.000
+0.000
+0.000
+0.401
+0.000
+0.000
+0.000
+0.000
+0.295
+0.000
+0.000
+0.000
+0.000
-0.350
+0.000
+0.000
+0.000
+0.000
-0.876
+0.000
+0.000
+0.000
+0.000
-1.242
+0.000
+0.000
+0.000
+0.000
-1.459
+0.000
+0.000
+0.000
+0.000
-1.581
+0.000
+0.000
+0.000
+0.000
-1.675
+0.000
+0.000
+0.000
+0.000
-1.746
+0.000
+0.000
+0.000
+0.000
-1.748
+0.000
+0.000
+0.000
+0.000
-1.757
+0.000
+0.000
+0.000
+0.000
-1.716
+0.000
+0.000
+0.000
+0.000
-1.656
+0.000
+0.000
+0.000
+0.000
-1.596
+0.000
+0.000
+0.000
+0.000
-1.509
+0.000
+0.000
+0.000
+0.000
-1.291
+0.000
+0.000
+0.000
+0.000
-0.986
+0.000
+0.000
+0.000
+0.000
-0.779
+0.000
+0.000
+0.000
+0.000
-0.684
+0.000
+0.000
+0.000
+0.000
-0.631
+0.000
+0.000
+0.000
+0.000
-0.614
+0.000
+0.000
+0.000
+0.000
-0.601
+0.000
+0.000
+0.000
+0.000
-0.598
+0.000
+0.000
+0.000
+0.000
-0.613
+0.000
+0.000
+0.000
+0.000
-0.654
+0.000
+0.000
+0.000
+0.000
-0.744
+0.000
+0.000
+0.000
+0.000
-0.867
+0.000
+0.000
+0.000
+0.000
-1.017
+0.000
+0.000
+0.000
+0.000
-1.236
+0.000
+0.000
+0.000
+0.000
-1.398
+0.000
+0.000
+0.000
+0.000
-1.181
+0.000
+0.000
+0.000
+0.000
-0.712
+0.000
+0.000
+0.000
+0.000
-0.327
+0.000
+0.000
+0.000
+0.000
+0.048
+0.000
+0.000
+0.000
+0.000
+0.654
+0.000
+0.000
+0.000
+0.000
+1.151
+0.000
+0.000
+0.000
+0.000
+1.585
+0.000
+0.000
+0.000
+0.000
+1.889
+0.000
+0.000
+0.000
+0.000
+1.889
+0.000
+0.000
+0.000
+0.000
+1.870
+0.000
+0.000
+0.000
+0.000
+1.728
+0.000
+0.000
+0.000
+0.000
+1.423
+0.000
+0.000
+0.000
+0.000
+1.063
+0.000
+0.000
+0.000
+0.000
+0.664
+0.000
+0.000
+0.000
+0.000
+0.311
+0.000
+0.000
+0.000
+0.000
-0.084
+0.000
+0.000
+0.000
+0.000
-0.501
+0.000
+0.000
+0.000
+0.000
-0.926
+0.000
+0.000
+0.000
+0.000
-1.187
+0.000
+0.000
+0.000
+0.000
-1.347
+0.000
+0.000
+0.000
+0.000
-1.492
+0.000
+0.000
+0.000
+0.000
-1.654
+0.000
+0.000
+0.000
+0.000
-1.600
+0.000
+0.000
+0.000
+0.000
-1.544
+0.000
+0.000
+0.000
+0.000
-1.476
+0.000
+0.000
+0.000
+0.000
-1.376
+0.000
+0.000
+0.000
+0.000
-1.369
+0.000
+0.000
+0.000
+0.000
-1.407
+0.000
+0.000
+0.000
+0.000
-1.369
+0.000
+0.000
+0.000
+0.000
-1.354
+0.000
+0.000
+0.000
+0.000
-1.381
+0.000
+0.000
+0.000
+0.000
-1.421
+0.000
+0.000
+0.000
+0.000
-1.457
+0.000
+0.000
+0.000
+0.000
-1.447
+0.000
+0.000
+0.000
+0.000
-1.414
+0.000
+0.000
+0.000
+0.000
-1.324
+0.000
+0.000
+0.000
+0.000
-1.189
+0.000
+0.000
+0.000
+0.000
-0.988
+0.000
+0.000
+0.000
+0.000
-0.822
+0.000
+0.000
+0.000
+0.000
-0.658
+0.000
+0.000
+0.000
+0.000
-0.438
+0.000
+0.000
+0.000
+0.000
-0.200
+0.000
+0.000
+0.000
+0.000
+0.084
+0.000
+0.000
+0.000
+0.000
+0.391
+0.000
+0.000
+0.000
+0.000
+0.786
+0.000
+0.000
+0.000
+0.000
+1.149
+0.000
+0.000
+0.000
+0.000
+1.370
+0.000
+0.000
+0.000
+0.000
+1.621
+0.000
+0.000
+0.000
+0.000
+1.895
+0.000
+0.000
+0.000
+0.000
+2.103
+0.000
+0.000
+0.000
+0.000
+2.216
+0.000
+0.000
+0.000
+0.000
+2.442
+0.000
+0.000
+0.000
+0.000
+2.662
+0.000
+0.000
+0.000
+0.000
+2.761
+0.000
+0.000
+0.000
+0.000
+2.792
+0.000
+0.000
+0.000
+0.000
+2.598
+0.000
+0.000
+0.000
+0.000
+2.228
+0.000
+0.000
+0.000
+0.000
+1.743
+0.000
+0.000
+0.000
+0.000
+1.269
+0.000
+0.000
+0.000
+0.000
+0.986
+0.000
+0.000
+0.000
+0.000
+0.998
+0.000
+0.000
+0.000
+0.000
+1.185
+0.000
+0.000
+0.000
+0.000
+1.374
+0.000
+0.000
+0.000
+0.000
+1.538
+0.000
+0.000
+0.000
+0.000
+1.704
+0.000
+0.000
+0.000
+0.000
+1.832
+0.000
+0.000
+0.000
+0.000
+1.876
+0.000
+0.000
+0.000
+0.000
+1.888
+0.000
+0.000
+0.000
+0.000
+1.913
+0.000
+0.000
+0.000
+0.000
+1.941
+0.000
+0.000
+0.000
+0.000
+1.926
+0.000
+0.000
+0.000
+0.000
+1.816
+0.000
+0.000
+0.000
+0.000
+1.548
+0.000
+0.000
+0.000
+0.000
+1.146
+0.000
+0.000
+0.000
+0.000
+0.816
+0.000
+0.000
+0.000
+0.000
+0.503
+0.000
+0.000
+0.000
+0.000
+0.174
+0.000
+0.000
+0.000
+0.000
-0.159
+0.000
+0.000
+0.000
+0.000
-0.507
+0.000
+0.000
+0.000
+0.000
-0.887
+0.000
+0.000
+0.000
+0.000
-1.255
+0.000
+0.000
+0.000
+0.000
-1.563
+0.000
+0.000
+0.000
+0.000
-1.819
+0.000
+0.000
+0.000
+0.000
-1.918
+0.000
+0.000
+0.000
+0.000
-1.978
+0.000
+0.000
+0.000
+0.000
-2.014
+0.000
+0.000
+0.000
+0.000
-2.035
+0.000
+0.000
+0.000
+0.000
-2.023
+0.000
+0.000
+0.000
+0.000
-2.006
+0.000
+0.000
+0.000
+0.000
-1.984
+0.000
+0.000
+0.000
+0.000
-1.947
+0.000
+0.000
+0.000
+0.000
-1.914
+0.000
+0.000
+0.000
+0.000
-1.870
+0.000
+0.000
+0.000
+0.000
-1.830
+0.000
+0.000
+0.000
+0.000
-1.767
+0.000
+0.000
+0.000
+0.000
-1.637
+0.000
+0.000
+0.000
+0.000
-1.489
+0.000
+0.000
+0.000
+0.000
-1.352
+0.000
+0.000
+0.000
+0.000
-1.197
+0.000
+0.000
+0.000
+0.000
-1.055
+0.000
+0.000
+0.000
+0.000
-0.921
+0.000
+0.000
+0.000
+0.000
-0.797
+0.000
+0.000
+0.000
+0.000
-0.652
+0.000
+0.000
+0.000
+0.000
-0.471
+0.000
+0.000
+0.000
+0.000
-0.210
+0.000
+0.000
+0.000
+0.000
+0.064
+0.000
+0.000
+0.000
+0.000
+0.230
+0.000
+0.000
+0.000
+0.000
+0.302
+0.000
+0.000
+0.000
+0.000
+0.265
+0.000
+0.000
+0.000
+0.000
+0.289
+0.000
+0.000
+0.000
+0.000
+0.367
+0.000
+0.000
+0.000
+0.000
+0.330
+0.000
+0.000
+0.000
+0.000
+0.312
+0.000
+0.000
+0.000
+0.000
+0.306
+0.000
+0.000
+0.000
+0.000
+0.272
+0.000
+0.000
+0.000
+0.000
+0.235
+0.000
+0.000
+0.000
+0.000
+0.189
+0.000
+0.000
+0.000
+0.000
+0.124
+0.000
+0.000
+0.000
+0.000
+0.034
+0.000
+0.000
+0.000
+0.000
-0.066
+0.000
+0.000
+0.000
+0.000
-0.122
+0.000
+0.000
+0.000
+0.000
-0.337
+0.000
+0.000
+0.000
+0.000
-0.502
+0.000
+0.000
+0.000
+0.000
-0.059
+0.000
+0.000
+0.000
+0.000
+0.828
+0.000
+0.000
+0.000
+0.000
+2.076
+0.000
+0.000
+0.000
+0.000
+3.593
+0.000
+0.000
+0.000
+0.000
+5.120
+0.000
+0.000
+0.000
+0.000
+6.195
+0.000
+0.000
+0.000
+0.000
+5.786
+0.000
+0.000
+0.000
+0.000
+5.144
+0.000
+0.000
+0.000
+0.000
+4.282
+0.000
+0.000
+0.000
+0.000
+3.249
+0.000
+0.000
+0.000
+0.000
+2.302
+0.000
+0.000
+0.000
+0.000
+1.398
+0.000
+0.000
+0.000
+0.000
+0.574
+0.000
+0.000
+0.000
+0.000
-0.256
+0.000
+0.000
+0.000
+0.000
-0.848
+0.000
+0.000
+0.000
+0.000
-0.953
+0.000
+0.000
+0.000
+0.000
-0.905
+0.000
+0.000
+0.000
+0.000
-0.828
+0.000
+0.000
+0.000
+0.000
-0.818
+0.000
+0.000
+0.000
+0.000
-0.689
+0.000
+0.000
+0.000
+0.000
-0.556
+0.000
+0.000
+0.000
+0.000
-0.443
+0.000
+0.000
+0.000
+0.000
-0.280
+0.000
+0.000
+0.000
+0.000
-0.019
+0.000
+0.000
+0.000
+0.000
+0.240
+0.000
+0.000
+0.000
+0.000
+0.404
+0.000
+0.000
+0.000
+0.000
+0.184
+0.000
+0.000
+0.000
+0.000
+0.027
+0.000
+0.000
+0.000
+0.000
-0.000
+0.000
+0.000
+0.000
+0.000
+0.074
+0.000
+0.000
+0.000
+0.000
+0.153
+0.000
+0.000
+0.000
+0.000
+0.227
+0.000
+0.000
+0.000
+0.000
+0.266
+0.000
+0.000
+0.000
+0.000
+0.302
+0.000
+0.000
+0.000
+0.000
+0.330
+0.000
+0.000
+0.000
+0.000
+0.344
+0.000
+0.000
+0.000
+0.000
+0.306
+0.000
+0.000
+0.000
+0.000
+0.283
+0.000
+0.000
+0.000
+0.000
+0.288
+0.000
+0.000
+0.000
+0.000
+0.313
+0.000
+0.000
+0.000
+0.000
+0.324
+0.000
+0.000
+0.000
+0.000
+0.271
+0.000
+0.000
+0.000
+0.000
+0.217
+0.000
+0.000
+0.000
+0.000
+0.339
+0.000
+0.000
+0.000
+0.000
+0.547
+0.000
+0.000
+0.000
+0.000
+0.850
+0.000
+0.000
+0.000
+0.000
+1.071
+0.000
+0.000
+0.000
+0.000
+1.222
+0.000
+0.000
+0.000
+0.000
+1.319
+0.000
+0.000
+0.000
+0.000
+1.379
+0.000
+0.000
+0.000
+0.000
+1.398
+0.000
+0.000
+0.000
+0.000
+1.438
+0.000
+0.000
+0.000
+0.000
+1.475
+0.000
+0.000
+0.000
+0.000
+1.393
+0.000
+0.000
+0.000
+0.000
+1.236
+0.000
+0.000
+0.000
+0.000
+0.971
+0.000
+0.000
+0.000
+0.000
+0.687
+0.000
+0.000
+0.000
+0.000
+0.650
+0.000
+0.000
+0.000
+0.000
+0.675
+0.000
+0.000
+0.000
+0.000
+0.743
+0.000
+0.000
+0.000
+0.000
+0.746
+0.000
+0.000
+0.000
+0.000
+0.652
+0.000
+0.000
+0.000
+0.000
+0.565
+0.000
+0.000
+0.000
+0.000
+0.484
+0.000
+0.000
+0.000
+0.000
+0.390
+0.000
+0.000
+0.000
+0.000
+0.244
+0.000
+0.000
+0.000
+0.000
+0.086
+0.000
+0.000
+0.000
+0.000
-0.037
+0.000
+0.000
+0.000
+0.000
-0.043
+0.000
+0.000
+0.000
+0.000
-0.031
+0.000
+0.000
+0.000
+0.000
-0.001
+0.000
+0.000
+0.000
+0.000
+0.163
+0.000
+0.000
+0.000
+0.000
+0.326
+0.000
+0.000
+0.000
+0.000
+0.534
+0.000
+0.000
+0.000
+0.000
+0.802
+0.000
+0.000
+0.000
+0.000
+1.014
+0.000
+0.000
+0.000
+0.000
+1.064
+0.000
+0.000
+0.000
+0.000
+1.055
+0.000
+0.000
+0.000
+0.000
+1.008
+0.000
+0.000
+0.000
+0.000
+0.923
+0.000
+0.000
+0.000
+0.000
+0.754
+0.000
+0.000
+0.000
+0.000
+0.511
+0.000
+0.000
+0.000
+0.000
+0.283
+0.000
+0.000
+0.000
+0.000
+0.039
+0.000
+0.000
+0.000
+0.000
-0.145
+0.000
+0.000
+0.000
+0.000
-0.162
+0.000
+0.000
+0.000
+0.000
-0.128
+0.000
+0.000
+0.000
+0.000
-0.080
+0.000
+0.000
+0.000
+0.000
-0.039
+0.000
+0.000
+0.000
+0.000
+0.017
+0.000
+0.000
+0.000
+0.000
+0.047
+0.000
+0.000
+0.000
+0.000
+0.118
+0.000
+0.000
+0.000
+0.000
+0.270
+0.000
+0.000
+0.000
+0.000
+0.396
+0.000
+0.000
+0.000
+0.000
+0.545
+0.000
+0.000
+0.000
+0.000
+0.345
+0.000
+0.000
+0.000
+0.000
-0.013
+0.000
+0.000
+0.000
+0.000
-0.024
+0.000
+0.000
+0.000
+0.000
-0.235
+0.000
+0.000
+0.000
+0.000
-0.509
+0.000
+0.000
+0.000
+0.000
-0.699
+0.000
+0.000
+0.000
+0.000
-0.883
+0.000
+0.000
+0.000
+0.000
-1.061
+0.000
+0.000
+0.000
+0.000
-0.953
+0.000
+0.000
+0.000
+0.000
-0.879
+0.000
+0.000
+0.000
+0.000
-0.873
+0.000
+0.000
+0.000
+0.000
-0.747
+0.000
+0.000
+0.000
+0.000
-0.578
+0.000
+0.000
+0.000
+0.000
-0.420
+0.000
+0.000
+0.000
+0.000
-0.291
+0.000
+0.000
+0.000
+0.000
-0.160
+0.000
+0.000
+0.000
+0.000
-0.020
+0.000
+0.000
+0.000
+0.000
+0.054
+0.000
+0.000
+0.000
+0.000
+0.124
+0.000
+0.000
+0.000
+0.000
+0.201
+0.000
+0.000
+0.000
+0.000
+0.257
+0.000
+0.000
+0.000
+0.000
+0.338
+0.000
+0.000
+0.000
+0.000
+0.568
+0.000
+0.000
+0.000
+0.000
+1.417
+0.000
+0.000
+0.000
+0.000
+2.864
+0.000
+0.000
+0.000
+0.000
+4.593
+0.000
+0.000
+0.000
+0.000
+6.108
+0.000
+0.000
+0.000
+0.000
+6.091
+0.000
+0.000
+0.000
+0.000
+5.519
+0.000
+0.000
+0.000
+0.000
+4.872
+0.000
+0.000
+0.000
+0.000
+4.085
+0.000
+0.000
+0.000
+0.000
+3.186
+0.000
+0.000
+0.000
+0.000
+2.229
+0.000
+0.000
+0.000
+0.000
+1.342
+0.000
+0.000
+0.000
+0.000
+0.722
+0.000
+0.000
+0.000
+0.000
+0.483
+0.000
+0.000
+0.000
+0.000
+0.358
+0.000
+0.000
+0.000
+0.000
+0.362
+0.000
+0.000
+0.000
+0.000
+0.389
+0.000
+0.000
+0.000
+0.000
+0.462
+0.000
+0.000
+0.000
+0.000
+0.590
+0.000
+0.000
+0.000
+0.000
+0.744
+0.000
+0.000
+0.000
+0.000
+0.952
+0.000
+0.000
+0.000
+0.000
+1.150
+0.000
+0.000
+0.000
+0.000
+1.350
+0.000
+0.000
+0.000
+0.000
+1.574
+0.000
+0.000
+0.000
+0.000
+1.806
+0.000
+0.000
+0.000
+0.000
+1.808
+0.000
+0.000
+0.000
+0.000
+1.648
+0.000
+0.000
+0.000
+0.000
+1.568
+0.000
+0.000
+0.000
+0.000
+1.417
+0.000
+0.000
+0.000
+0.000
+1.132
+0.000
+0.000
+0.000
+0.000
+0.852
+0.000
+0.000
+0.000
+0.000
+0.693
+0.000
+0.000
+0.000
+0.000
+0.586
+0.000
+0.000
+0.000
+0.000
+0.696
+0.000
+0.000
+0.000
+0.000
+0.996
+0.000
+0.000
+0.000
+0.000
+1.336
+0.000
+0.000
+0.000
+0.000
+1.602
+0.000
+0.000
+0.000
+0.000
+1.978
+0.000
+0.000
+0.000
+0.000
+2.150
+0.000
+0.000
+0.000
+0.000
+2.159
+0.000
+0.000
+0.000
+0.000
+2.141
+0.000
+0.000
+0.000
+0.000
+2.071
+0.000
+0.000
+0.000
+0.000
+1.977
+0.000
+0.000
+0.000
+0.000
+1.870
+0.000
+0.000
+0.000
+0.000
+1.710
+0.000
+0.000
+0.000
+0.000
+1.424
+0.000
+0.000
+0.000
+0.000
+1.059
+0.000
+0.000
+0.000
+0.000
+0.642
+0.000
+0.000
+0.000
+0.000
+0.270
+0.000
+0.000
+0.000
+0.000
+0.005
+0.000
+0.000
+0.000
+0.000
-0.144
+0.000
+0.000
+0.000
+0.000
-0.168
+0.000
+0.000
+0.000
+0.000
-0.148
+0.000
+0.000
+0.000
+0.000
-0.124
+0.000
+0.000
+0.000
+0.000
-0.087
+0.000
+0.000
+0.000
+0.000
-0.056
+0.000
+0.000
+0.000
+0.000
-0.023
+0.000
+0.000
+0.000
+0.000
+0.050
+0.000
+0.000
+0.000
+0.000
+0.122
+0.000
+0.000
+0.000
+0.000
+0.306
+0.000
+0.000
+0.000
+0.000
+0.584
+0.000
+0.000
+0.000
+0.000
+0.936
+0.000
+0.000
+0.000
+0.000
+1.370
+0.000
+0.000
+0.000
+0.000
+1.881
+0.000
+0.000
+0.000
+0.000
+2.561
+0.000
+0.000
+0.000
+0.000
+3.344
+0.000
+0.000
+0.000
+0.000
+3.918
+0.000
+0.000
+0.000
+0.000
+4.012
+0.000
+0.000
+0.000
+0.000
+3.901
+0.000
+0.000
+0.000
+0.000
+3.622
+0.000
+0.000
+0.000
+0.000
+3.272
+0.000
+0.000
+0.000
+0.000
+2.804
+0.000
+0.000
+0.000
+0.000
+2.143
+0.000
+0.000
+0.000
+0.000
+1.546
+0.000
+0.000
+0.000
+0.000
+0.980
+0.000
+0.000
+0.000
+0.000
+0.550
+0.000
+0.000
+0.000
+0.000
+0.227
+0.000
+0.000
+0.000
+0.000
+0.037
+0.000
+0.000
+0.000
+0.000
-0.041
+0.000
+0.000
+0.000
+0.000
-0.057
+0.000
+0.000
+0.000
+0.000
-0.014
+0.000
+0.000
+0.000
+0.000
+0.053
+0.000
+0.000
+0.000
+0.000
+0.161
+0.000
+0.000
+0.000
+0.000
+0.294
+0.000
+0.000
+0.000
+0.000
+0.457
+0.000
+0.000
+0.000
+0.000
+0.647
+0.000
+0.000
+0.000
+0.000
+0.901
+0.000
+0.000
+0.000
+0.000
+1.171
+0.000
+0.000
+0.000
+0.000
+1.528
+0.000
+0.000
+0.000
+0.000
+1.974
+0.000
+0.000
+0.000
+0.000
+2.371
+0.000
+0.000
+0.000
+0.000
+2.553
+0.000
+0.000
+0.000
+0.000
+2.627
+0.000
+0.000
+0.000
+0.000
+2.607
+0.000
+0.000
+0.000
+0.000
+2.532
+0.000
+0.000
+0.000
+0.000
+2.393
+0.000
+0.000
+0.000
+0.000
+2.152
+0.000
+0.000
+0.000
+0.000
+1.890
+0.000
+0.000
+0.000
+0.000
+1.628
+0.000
+0.000
+0.000
+0.000
+1.397
+0.000
+0.000
+0.000
+0.000
+1.158
+0.000
+0.000
+0.000
+0.000
+0.955
+0.000
+0.000
+0.000
+0.000
+0.831
+0.000
+0.000
+0.000
+0.000
+0.777
+0.000
+0.000
+0.000
+0.000
+0.761
+0.000
+0.000
+0.000
+0.000
+0.714
+0.000
+0.000
+0.000
+0.000
+0.653
+0.000
+0.000
+0.000
+0.000
+0.624
+0.000
+0.000
+0.000
+0.000
+0.616
+0.000
+0.000
+0.000
+0.000
+0.667
+0.000
+0.000
+0.000
+0.000
+0.879
+0.000
+0.000
+0.000
+0.000
+1.188
+0.000
+0.000
+0.000
+0.000
+1.460
+0.000
+0.000
+0.000
+0.000
+1.575
+0.000
+0.000
+0.000
+0.000
+1.630
+0.000
+0.000
+0.000
+0.000
+1.550
+0.000
+0.000
+0.000
+0.000
+1.363
+0.000
+0.000
+0.000
+0.000
+1.227
+0.000
+0.000
+0.000
+0.000
+1.178
+0.000
+0.000
+0.000
+0.000
+1.148
+0.000
+0.000
+0.000
+0.000
+1.149
+0.000
+0.000
+0.000
+0.000
+1.130
+0.000
+0.000
+0.000
+0.000
+1.077
+0.000
+0.000
+0.000
+0.000
+1.082
+0.000
+0.000
+0.000
+0.000
+1.137
+0.000
+0.000
+0.000
+0.000
+1.202
+0.000
+0.000
+0.000
+0.000
+1.294
+0.000
+0.000
+0.000
+0.000
+1.489
+0.000
+0.000
+0.000
+0.000
+1.768
+0.000
+0.000
+0.000
+0.000
+2.107
+0.000
+0.000
+0.000
+0.000
+2.609
+0.000
+0.000
+0.000
+0.000
+2.986
+0.000
+0.000
+0.000
+0.000
+3.340
+0.000
+0.000
+0.000
+0.000
+3.780
+0.000
+0.000
+0.000
+0.000
+4.214
+0.000
+0.000
+0.000
+0.000
+4.398
+0.000
+0.000
+0.000
+0.000
+4.149
+0.000
+0.000
+0.000
+0.000
+3.807
+0.000
+0.000
+0.000
+0.000
+3.537
+0.000
+0.000
+0.000
+0.000
+3.290
+0.000
+0.000
+0.000
+0.000
+3.137
+0.000
+0.000
+0.000
+0.000
+3.070
+0.000
+0.000
+0.000
+0.000
+2.947
+0.000
+0.000
+0.000
+0.000
+2.855
+0.000
+0.000
+0.000
+0.000
+2.719
+0.000
+0.000
+0.000
+0.000
+2.482
+0.000
+0.000
+0.000
+0.000
+2.262
+0.000
+0.000
+0.000
+0.000
+1.961
+0.000
+0.000
+0.000
+0.000
+1.624
+0.000
+0.000
+0.000
+0.000
+1.233
+0.000
+0.000
+0.000
+0.000
+0.828
+0.000
+0.000
+0.000
+0.000
+0.462
+0.000
+0.000
+0.000
+0.000
+0.092
+0.000
+0.000
+0.000
+0.000
-0.329
+0.000
+0.000
+0.000
+0.000
-0.761
+0.000
+0.000
+0.000
+0.000
-1.003
+0.000
+0.000
+0.000
+0.000
-1.116
+0.000
+0.000
+0.000
+0.000
-1.218
+0.000
+0.000
+0.000
+0.000
-1.275
+0.000
+0.000
+0.000
+0.000
-1.190
+0.000
+0.000
+0.000
+0.000
-0.894
+0.000
+0.000
+0.000
+0.000
-0.319
+0.000
+0.000
+0.000
+0.000
+0.547
+0.000
+0.000
+0.000
+0.000
+1.111
+0.000
+0.000
+0.000
+0.000
+1.110
+0.000
+0.000
+0.000
+0.000
+0.873
+0.000
+0.000
+0.000
+0.000
+0.621
+0.000
+0.000
+0.000
+0.000
+0.393
+0.000
+0.000
+0.000
+0.000
+0.163
+0.000
+0.000
+0.000
+0.000
-0.080
+0.000
+0.000
+0.000
+0.000
-0.270
+0.000
+0.000
+0.000
+0.000
-0.399
+0.000
+0.000
+0.000
+0.000
-0.450
+0.000
+0.000
+0.000
+0.000
-0.521
+0.000
+0.000
+0.000
+0.000
-0.583
+0.000
+0.000
+0.000
+0.000
-0.632
+0.000
+0.000
+0.000
+0.000
-0.663
+0.000
+0.000
+0.000
+0.000
-0.690
+0.000
+0.000
+0.000
+0.000
-0.698
+0.000
+0.000
+0.000
+0.000
-0.710
+0.000
+0.000
+0.000
+0.000
-0.737
+0.000
+0.000
+0.000
+0.000
-0.727
+0.000
+0.000
+0.000
+0.000
-0.703
+0.000
+0.000
+0.000
+0.000
-0.656
+0.000
+0.000
+0.000
+0.000
-0.590
+0.000
+0.000
+0.000
+0.000
-0.478
+0.000
+0.000
+0.000
+0.000
-0.343
+0.000
+0.000
+0.000
+0.000
-0.434
+0.000
+0.000
+0.000
+0.000
-0.641
+0.000
+0.000
+0.000
+0.000
-0.875
+0.000
+0.000
+0.000
+0.000
-1.010
+0.000
+0.000
+0.000
+0.000
-0.856
+0.000
+0.000
+0.000
+0.000
-0.712
+0.000
+0.000
+0.000
+0.000
-0.608
+0.000
+0.000
+0.000
+0.000
-0.551
+0.000
+0.000
+0.000
+0.000
-0.531
+0.000
+0.000
+0.000
+0.000
-0.545
+0.000
+0.000
+0.000
+0.000
-0.538
+0.000
+0.000
+0.000
+0.000
-0.469
+0.000
+0.000
+0.000
+0.000
-0.425
+0.000
+0.000
+0.000
+0.000
-0.407
+0.000
+0.000
+0.000
+0.000
-0.425
+0.000
+0.000
+0.000
+0.000
-0.478
+0.000
+0.000
+0.000
+0.000
-0.529
+0.000
+0.000
+0.000
+0.000
-0.581
+0.000
+0.000
+0.000
+0.000
-0.646
+0.000
+0.000
+0.000
+0.000
-0.590
+0.000
+0.000
+0.000
+0.000
-0.512
+0.000
+0.000
+0.000
+0.000
-0.439
+0.000
+0.000
+0.000
+0.000
-0.352
+0.000
+0.000
+0.000
+0.000
-0.171
+0.000
+0.000
+0.000
+0.000
+0.108
+0.000
+0.000
+0.000
+0.000
+0.341
+0.000
+0.000
+0.000
+0.000
+0.476
+0.000
+0.000
+0.000
+0.000
+0.512
+0.000
+0.000
+0.000
+0.000
+0.543
+0.000
+0.000
+0.000
+0.000
+0.545
+0.000
+0.000
+0.000
+0.000
+0.529
+0.000
+0.000
+0.000
+0.000
+0.494
+0.000
+0.000
+0.000
+0.000
+0.413
+0.000
+0.000
+0.000
+0.000
+0.314
+0.000
+0.000
+0.000
+0.000
+0.165
+0.000
+0.000
+0.000
+0.000
-0.011
+0.000
+0.000
+0.000
+0.000
-0.175
+0.000
+0.000
+0.000
+0.000
-0.402
+0.000
+0.000
+0.000
+0.000
-0.615
+0.000
+0.000
+0.000
+0.000
-0.752
+0.000
+0.000
+0.000
+0.000
-0.814
+0.000
+0.000
+0.000
+0.000
-0.780
+0.000
+0.000
+0.000
+0.000
-0.565
+0.000
+0.000
+0.000
+0.000
-0.266
+0.000
+0.000
+0.000
+0.000
+0.086
+0.000
+0.000
+0.000
+0.000
+0.404
+0.000
+0.000
+0.000
+0.000
+0.667
+0.000
+0.000
+0.000
+0.000
+0.904
+0.000
+0.000
+0.000
+0.000
+1.130
+0.000
+0.000
+0.000
+0.000
+1.281
+0.000
+0.000
+0.000
+0.000
+1.425
+0.000
+0.000
+0.000
+0.000
+1.603
+0.000
+0.000
+0.000
+0.000
+1.832
+0.000
+0.000
+0.000
+0.000
+2.004
+0.000
+0.000
+0.000
+0.000
+1.716
+0.000
+0.000
+0.000
+0.000
+1.235
+0.000
+0.000
+0.000
+0.000
+0.576
+0.000
+0.000
+0.000
+0.000
+0.005
+0.000
+0.000
+0.000
+0.000
-0.466
+0.000
+0.000
+0.000
+0.000
-0.795
+0.000
+0.000
+0.000
+0.000
-1.080
+0.000
+0.000
+0.000
+0.000
-1.327
+0.000
+0.000
+0.000
+0.000
-1.467
+0.000
+0.000
+0.000
+0.000
-1.140
+0.000
+0.000
+0.000
+0.000
-0.715
+0.000
+0.000
+0.000
+0.000
-0.206
+0.000
+0.000
+0.000
+0.000
+0.446
+0.000
+0.000
+0.000
+0.000
+1.148
+0.000
+0.000
+0.000
+0.000
+1.921
+0.000
+0.000
+0.000
+0.000
+2.639
+0.000
+0.000
+0.000
+0.000
+3.024
+0.000
+0.000
+0.000
+0.000
+3.138
+0.000
+0.000
+0.000
+0.000
+3.076
+0.000
+0.000
+0.000
+0.000
+2.640
+0.000
+0.000
+0.000
+0.000
+1.878
+0.000
+0.000
+0.000
+0.000
+1.520
+0.000
+0.000
+0.000
+0.000
+1.349
+0.000
+0.000
+0.000
+0.000
+1.291
+0.000
+0.000
+0.000
+0.000
+1.174
+0.000
+0.000
+0.000
+0.000
+1.084
+0.000
+0.000
+0.000
+0.000
+1.020
+0.000
+0.000
+0.000
+0.000
+0.986
+0.000
+0.000
+0.000
+0.000
+0.966
+0.000
+0.000
+0.000
+0.000
+0.966
+0.000
+0.000
+0.000
+0.000
+0.970
+0.000
+0.000
+0.000
+0.000
+0.950
+0.000
+0.000
+0.000
+0.000
+0.827
+0.000
+0.000
+0.000
+0.000
+0.848
+0.000
+0.000
+0.000
+0.000
+1.169
+0.000
+0.000
+0.000
+0.000
+1.405
+0.000
+0.000
+0.000
+0.000
+1.975
+0.000
+0.000
+0.000
+0.000
+2.957
+0.000
+0.000
+0.000
+0.000
+3.631
+0.000
+0.000
+0.000
+0.000
+3.635
+0.000
+0.000
+0.000
+0.000
+3.444
+0.000
+0.000
+0.000
+0.000
+3.073
+0.000
+0.000
+0.000
+0.000
+2.513
+0.000
+0.000
+0.000
+0.000
+1.976
+0.000
+0.000
+0.000
+0.000
+1.437
+0.000
+0.000
+0.000
+0.000
+0.857
+0.000
+0.000
+0.000
+0.000
+0.412
+0.000
+0.000
+0.000
+0.000
+0.182
+0.000
+0.000
+0.000
+0.000
-0.002
+0.000
+0.000
+0.000
+0.000
-0.066
+0.000
+0.000
+0.000
+0.000
+0.118
+0.000
+0.000
+0.000
+0.000
+0.354
+0.000
+0.000
+0.000
+0.000
+0.621
+0.000
+0.000
+0.000
+0.000
+1.253
+0.000
+0.000
+0.000
+0.000
+1.834
+0.000
+0.000
+0.000
+0.000
+2.170
+0.000
+0.000
+0.000
+0.000
+2.429
+0.000
+0.000
+0.000
+0.000
+2.524
+0.000
+0.000
+0.000
+0.000
+2.657
+0.000
+0.000
+0.000
+0.000
+2.958
+0.000
+0.000
+0.000
+0.000
+3.340
+0.000
+0.000
+0.000
+0.000
+3.715
+0.000
+0.000
+0.000
+0.000
+3.936
+0.000
+0.000
+0.000
+0.000
+4.340
+0.000
+0.000
+0.000
+0.000
+4.399
+0.000
+0.000
+0.000
+0.000
+4.301
+0.000
+0.000
+0.000
+0.000
+4.191
+0.000
+0.000
+0.000
+0.000
+4.156
+0.000
+0.000
+0.000
+0.000
+4.276
+0.000
+0.000
+0.000
+0.000
+4.326
+0.000
+0.000
+0.000
+0.000
+4.257
+0.000
+0.000
+0.000
+0.000
+4.481
+0.000
+0.000
+0.000
+0.000
+5.749
+0.000
+0.000
+0.000
+0.000
+11.33
+0.000
+0.000
+0.000
+0.000
+70.47
+0.000
+0.000
+0.000
+0.000
+8.082
+0.000
+0.000
+0.000
+0.000
+4.662
+0.000
+0.000
+0.000
+0.000
+3.488
+0.000
+0.000
+0.000
+0.000
+2.957
+0.000
+0.000
+0.000
+0.000
+2.674
+0.000
+0.000
+0.000
+0.000
+2.549
+0.000
+0.000
+0.000
+0.000
+3.035
+0.000
+0.000
+0.000
+0.000
+4.115
+0.000
+0.000
+0.000
+0.000
+7.530
+0.000
+0.000
+0.000
+0.000
+16.86
+0.000
+0.000
+0.000
+0.000
+56.21
+0.000
+0.000
+0.000
+0.000
+88.81
+0.000
+0.000
+0.000
+0.000
+31.74
+0.000
+0.000
+0.000
+0.000
+21.76
+0.000
+0.000
+0.000
+0.000
+16.80
+0.000
+0.000
+0.000
+0.000
+14.14
+0.000
+0.000
+0.000
+0.000
+12.77
+0.000
+0.000
+0.000
+0.000
+12.24
+0.000
+0.000
+0.000
+0.000
+11.95
+0.000
+0.000
+0.000
+0.000
+12.11
+0.000
+0.000
+0.000
+0.000
+13.17
+0.000
+0.000
+0.000
+0.000
+15.49
+0.000
+0.000
+0.000
+0.000
+20.55
+0.000
+0.000
+0.000
+0.000
+36.73
+0.000
+0.000
+0.000
+0.000
+533.0
+0.000
+0.000
+0.000
+0.000
+27.71
+0.000
+0.000
+0.000
+0.000
+9.966
+0.000
+0.000
+0.000
+0.000
+3.185
+0.000
+0.000
+0.000
+0.000
+0.171
+0.000
+0.000
+0.000
+0.000
-1.074
+0.000
+0.000
+0.000
+0.000
-1.710
+0.000
+0.000
+0.000
+0.000
-1.647
+0.000
+0.000
+0.000
+0.000
-0.757
+0.000
+0.000
+0.000
+0.000
+0.289
+0.000
+0.000
+0.000
+0.000
+1.130
+0.000
+0.000
+0.000
+0.000
+1.757
+0.000
+0.000
+0.000
+0.000
+2.001
+0.000
+0.000
+0.000
+0.000
+1.997
+0.000
+0.000
+0.000
+0.000
+1.922
+0.000
+0.000
+0.000
+0.000
+1.584
+0.000
+0.000
+0.000
+0.000
+0.826
+0.000
+0.000
+0.000
+0.000
-0.572
+0.000
+0.000
+0.000
+0.000
-5.168
+0.000
+0.000
+0.000
+0.000
-67.32
+0.000
+0.000
+0.000
+0.000
-15.65
+0.000
+0.000
+0.000
+0.000
-10.90
+0.000
+0.000
+0.000
+0.000
-9.921
+0.000
+0.000
+0.000
+0.000
-10.50
+0.000
+0.000
+0.000
+0.000
-13.00
+0.000
+0.000
+0.000
+0.000
-18.60
+0.000
+0.000
+0.000
+0.000
-50.57
+0.000
+0.000
+0.000
+0.000
-26.28
+0.000
+0.000
+0.000
+0.000
-7.796
+0.000
+0.000
+0.000
+0.000
-3.824
+0.000
+0.000
+0.000
+0.000
-2.405
+0.000
+0.000
+0.000
+0.000
-1.803
+0.000
+0.000
+0.000
+0.000
-1.824
+0.000
+0.000
+0.000
+0.000
-2.261
+0.000
+0.000
+0.000
+0.000
-3.439
+0.000
+0.000
+0.000
+0.000
-5.750
+0.000
+0.000
+0.000
+0.000
-11.59
+0.000
+0.000
+0.000
+0.000
-34.50
+0.000
+0.000
+0.000
+0.000
-36.34
+0.000
+0.000
+0.000
+0.000
-8.532
+0.000
+0.000
+0.000
+0.000
-3.370
+0.000
+0.000
+0.000
+0.000
-1.491
+0.000
+0.000
+0.000
+0.000
-0.684
+0.000
+0.000
+0.000
+0.000
-0.211
+0.000
+0.000
+0.000
+0.000
+0.187
+0.000
+0.000
+0.000
+0.000
+0.621
+0.000
+0.000
+0.000
+0.000
+0.907
+0.000
+0.000
+0.000
+0.000
+0.922
+0.000
+0.000
+0.000
+0.000
+0.891
+0.000
+0.000
+0.000
+0.000
+0.740
+0.000
+0.000
+0.000
+0.000
+0.790
+0.000
+0.000
+0.000
+0.000
+0.923
+0.000
+0.000
+0.000
+0.000
+1.224
+0.000
+0.000
+0.000
+0.000
+2.044
+0.000
+0.000
+0.000
+0.000
+3.261
+0.000
+0.000
+0.000
+0.000
+4.920
+0.000
+0.000
+0.000
+0.000
+6.795
+0.000
+0.000
+0.000
+0.000
+8.803
+0.000
+0.000
+0.000
+0.000
+10.59
+0.000
+0.000
+0.000
+0.000
+11.92
+0.000
+0.000
+0.000
+0.000
+10.71
+0.000
+0.000
+0.000
+0.000
+9.265
+0.000
+0.000
+0.000
+0.000
+8.355
+0.000
+0.000
+0.000
+0.000
+7.253
+0.000
+0.000
+0.000
+0.000
+6.474
+0.000
+0.000
+0.000
+0.000
+5.776
+0.000
+0.000
+0.000
+0.000
+5.532
+0.000
+0.000
+0.000
+0.000
+6.229
+0.000
+0.000
+0.000
+0.000
+9.914
+0.000
+0.000
+0.000
+0.000
+23.82
+0.000
+0.000
+0.000
+0.000
+56.62
+0.000
+0.000
+0.000
+0.000
+17.70
+0.000
+0.000
+0.000
+0.000
+11.41
+0.000
+0.000
+0.000
+0.000
+3.533
+0.000
+0.000
+0.000
+0.000
+1.104
+0.000
+0.000
+0.000
+0.000
+0.778
+0.000
+0.000
+0.000
+0.000
+1.606
+0.000
+0.000
+0.000
+0.000
+2.331
+0.000
+0.000
+0.000
+0.000
+2.663
+0.000
+0.000
+0.000
+0.000
+2.652
+0.000
+0.000
+0.000
+0.000
+2.598
+0.000
+0.000
+0.000
+0.000
+2.538
+0.000
+0.000
+0.000
+0.000
+2.479
+0.000
+0.000
+0.000
+0.000
+2.421
+0.000
+0.000
+0.000
+0.000
+2.376
+0.000
+0.000
+0.000
+0.000
+2.028
+0.000
+0.000
+0.000
+0.000
+1.552
+0.000
+0.000
+0.000
+0.000
+0.733
+0.000
+0.000
+0.000
+0.000
-0.384
+0.000
+0.000
+0.000
+0.000
-1.584
+0.000
+0.000
+0.000
+0.000
-2.187
+0.000
+0.000
+0.000
+0.000
-2.120
+0.000
+0.000
+0.000
+0.000
-1.789
+0.000
+0.000
+0.000
+0.000
-1.319
+0.000
+0.000
+0.000
+0.000
-0.690
+0.000
+0.000
+0.000
+0.000
+0.020
+0.000
+0.000
+0.000
+0.000
+0.647
+0.000
+0.000
+0.000
+0.000
+1.115
+0.000
+0.000
+0.000
+0.000
+1.436
+0.000
+0.000
+0.000
+0.000
+1.665
+0.000
+0.000
+0.000
+0.000
+1.811
+0.000
+0.000
+0.000
+0.000
+1.910
+0.000
+0.000
+0.000
+0.000
+1.945
+0.000
+0.000
+0.000
+0.000
+1.925
+0.000
+0.000
+0.000
+0.000
+1.856
+0.000
+0.000
+0.000
+0.000
+1.761
+0.000
+0.000
+0.000
+0.000
+1.679
+0.000
+0.000
+0.000
+0.000
+1.659
+0.000
+0.000
+0.000
+0.000
+1.729
+0.000
+0.000
+0.000
+0.000
+1.740
+0.000
+0.000
+0.000
+0.000
+1.751
+0.000
+0.000
+0.000
+0.000
+1.766
+0.000
+0.000
+0.000
+0.000
+1.784
+0.000
+0.000
+0.000
+0.000
+1.829
+0.000
+0.000
+0.000
+0.000
+1.759
+0.000
+0.000
+0.000
+0.000
+1.228
+0.000
+0.000
+0.000
+0.000
+1.878
+0.000
+0.000
+0.000
+0.000
+3.342
+0.000
+0.000
+0.000
+0.000
+3.717
+0.000
+0.000
+0.000
+0.000
+3.749
+0.000
+0.000
+0.000
+0.000
+3.613
+0.000
+0.000
+0.000
+0.000
+3.351
+0.000
+0.000
+0.000
+0.000
+3.107
+0.000
+0.000
+0.000
+0.000
+2.933
+0.000
+0.000
+0.000
+0.000
+2.751
+0.000
+0.000
+0.000
+0.000
+2.512
+0.000
+0.000
+0.000
+0.000
+2.192
+0.000
+0.000
+0.000
+0.000
+1.853
+0.000
+0.000
+0.000
+0.000
+1.498
+0.000
+0.000
+0.000
+0.000
+1.129
+0.000
+0.000
+0.000
+0.000
+0.772
+0.000
+0.000
+0.000
+0.000
+0.480
+0.000
+0.000
+0.000
+0.000
+0.131
+0.000
+0.000
+0.000
+0.000
-0.127
+0.000
+0.000
+0.000
+0.000
-0.451
+0.000
+0.000
+0.000
+0.000
-0.822
+0.000
+0.000
+0.000
+0.000
-1.274
+0.000
+0.000
+0.000
+0.000
-1.936
+0.000
+0.000
+0.000
+0.000
-3.078
+0.000
+0.000
+0.000
+0.000
-5.031
+0.000
+0.000
+0.000
+0.000
-7.768
+0.000
+0.000
+0.000
+0.000
-10.27
+0.000
+0.000
+0.000
+0.000
-10.45
+0.000
+0.000
+0.000
+0.000
-8.413
+0.000
+0.000
+0.000
+0.000
-5.988
+0.000
+0.000
+0.000
+0.000
-4.530
+0.000
+0.000
+0.000
+0.000
-3.632
+0.000
+0.000
+0.000
+0.000
-3.078
+0.000
+0.000
+0.000
+0.000
-2.662
+0.000
+0.000
+0.000
+0.000
-2.398
+0.000
+0.000
+0.000
+0.000
-2.269
+0.000
+0.000
+0.000
+0.000
-2.097
+0.000
+0.000
+0.000
+0.000
-1.949
+0.000
+0.000
+0.000
+0.000
-1.792
+0.000
+0.000
+0.000
+0.000
-1.561
+0.000
+0.000
+0.000
+0.000
-1.375
+0.000
+0.000
+0.000
+0.000
-1.257
+0.000
+0.000
+0.000
+0.000
-1.176
+0.000
+0.000
+0.000
+0.000
-1.251
+0.000
+0.000
+0.000
+0.000
-1.395
+0.000
+0.000
+0.000
+0.000
-1.720
+0.000
+0.000
+0.000
+0.000
-2.277
+0.000
+0.000
+0.000
+0.000
-3.172
+0.000
+0.000
+0.000
+0.000
-4.001
+0.000
+0.000
+0.000
+0.000
-4.698
+0.000
+0.000
+0.000
+0.000
-5.559
+0.000
+0.000
+0.000
+0.000
-5.977
+0.000
+0.000
+0.000
+0.000
-5.813
+0.000
+0.000
+0.000
+0.000
-4.846
+0.000
+0.000
+0.000
+0.000
-3.083
+0.000
+0.000
+0.000
+0.000
-2.126
+0.000
+0.000
+0.000
+0.000
-1.603
+0.000
+0.000
+0.000
+0.000
-1.175
+0.000
+0.000
+0.000
+0.000
-0.885
+0.000
+0.000
+0.000
+0.000
-0.651
+0.000
+0.000
+0.000
+0.000
-0.430
+0.000
+0.000
+0.000
+0.000
-0.248
+0.000
+0.000
+0.000
+0.000
-0.086
+0.000
+0.000
+0.000
+0.000
+0.087
+0.000
+0.000
+0.000
+0.000
+0.399
+0.000
+0.000
+0.000
+0.000
+0.681
+0.000
+0.000
+0.000
+0.000
+0.817
+0.000
+0.000
+0.000
+0.000
+0.850
+0.000
+0.000
+0.000
+0.000
+0.821
+0.000
+0.000
+0.000
+0.000
+0.763
+0.000
+0.000
+0.000
+0.000
+0.662
+0.000
+0.000
+0.000
+0.000
+0.507
+0.000
+0.000
+0.000
+0.000
+0.554
+0.000
+0.000
+0.000
+0.000
+0.666
+0.000
+0.000
+0.000
+0.000
+0.868
+0.000
+0.000
+0.000
+0.000
+1.337
+0.000
+0.000
+0.000
+0.000
+2.317
+0.000
+0.000
+0.000
+0.000
+4.418
+0.000
+0.000
+0.000
+0.000
+13.14
+0.000
+0.000
+0.000
+0.000
+14.49
+0.000
+0.000
+0.000
+0.000
+6.603
+0.000
+0.000
+0.000
+0.000
+4.657
+0.000
+0.000
+0.000
+0.000
+3.198
+0.000
+0.000
+0.000
+0.000
+2.130
+0.000
+0.000
+0.000
+0.000
+1.292
+0.000
+0.000
+0.000
+0.000
+0.726
+0.000
+0.000
+0.000
+0.000
+0.171
+0.000
+0.000
+0.000
+0.000
-0.557
+0.000
+0.000
+0.000
+0.000
-2.633
+0.000
+0.000
+0.000
+0.000
-20.68
+0.000
+0.000
+0.000
+0.000
-12.19
+0.000
+0.000
+0.000
+0.000
-7.136
+0.000
+0.000
+0.000
+0.000
-5.944
+0.000
+0.000
+0.000
+0.000
-4.713
+0.000
+0.000
+0.000
+0.000
-3.943
+0.000
+0.000
+0.000
+0.000
-3.602
+0.000
+0.000
+0.000
+0.000
-3.453
+0.000
+0.000
+0.000
+0.000
-3.492
+0.000
+0.000
+0.000
+0.000
-3.565
+0.000
+0.000
+0.000
+0.000
-3.878
+0.000
+0.000
+0.000
+0.000
-5.247
+0.000
+0.000
+0.000
+0.000
-48.59
+0.000
+0.000
+0.000
+0.000
-2.272
+0.000
+0.000
+0.000
+0.000
-0.465
+0.000
+0.000
+0.000
+0.000
+0.041
+0.000
+0.000
+0.000
+0.000
+0.274
+0.000
+0.000
+0.000
+0.000
+0.331
+0.000
+0.000
+0.000
+0.000
+0.280
+0.000
+0.000
+0.000
+0.000
+0.098
+0.000
+0.000
+0.000
+0.000
-0.300
+0.000
+0.000
+0.000
+0.000
-0.827
+0.000
+0.000
+0.000
+0.000
-1.201
+0.000
+0.000
+0.000
+0.000
-1.157
+0.000
+0.000
+0.000
+0.000
-0.453
+0.000
+0.000
+0.000
+0.000
+4.603
+0.000
+0.000
+0.000
+0.000
+36.25
+0.000
+0.000
+0.000
+0.000
+17.54
+0.000
+0.000
+0.000
+0.000
+21.82
+0.000
+0.000
+0.000
+0.000
+57.36
+0.000
+0.000
+0.000
+0.000
+89.46
+0.000
+0.000
+0.000
+0.000
+24.77
+0.000
+0.000
+0.000
+0.000
+9.485
+0.000
+0.000
+0.000
+0.000
+4.083
+0.000
+0.000
+0.000
+0.000
+1.665
+0.000
+0.000
+0.000
+0.000
+0.016
+0.000
+0.000
+0.000
+0.000
-1.220
+0.000
+0.000
+0.000
+0.000
-1.850
+0.000
+0.000
+0.000
+0.000
-2.049
+0.000
+0.000
+0.000
+0.000
-1.894
+0.000
+0.000
+0.000
+0.000
-1.663
+0.000
+0.000
+0.000
+0.000
-1.387
+0.000
+0.000
+0.000
+0.000
-1.027
+0.000
+0.000
+0.000
+0.000
-0.642
+0.000
+0.000
+0.000
+0.000
-0.374
+0.000
+0.000
+0.000
+0.000
-0.219
+0.000
+0.000
+0.000
+0.000
-0.213
+0.000
+0.000
+0.000
+0.000
-0.251
+0.000
+0.000
+0.000
+0.000
-0.293
+0.000
+0.000
+0.000
+0.000
-0.353
+0.000
+0.000
+0.000
+0.000
-0.496
+0.000
+0.000
+0.000
+0.000
-0.629
+0.000
+0.000
+0.000
+0.000
-0.706
+0.000
+0.000
+0.000
+0.000
-0.691
+0.000
+0.000
+0.000
+0.000
-0.643
+0.000
+0.000
+0.000
+0.000
-0.421
+0.000
+0.000
+0.000
+0.000
-0.040
+0.000
+0.000
+0.000
+0.000
+0.381
+0.000
+0.000
+0.000
+0.000
+0.765
+0.000
+0.000
+0.000
+0.000
+1.385
+0.000
+0.000
+0.000
+0.000
+1.935
+0.000
+0.000
+0.000
+0.000
+2.451
+0.000
+0.000
+0.000
+0.000
+2.932
+0.000
+0.000
+0.000
+0.000
+3.425
+0.000
+0.000
+0.000
+0.000
+3.721
+0.000
+0.000
+0.000
+0.000
+3.439
+0.000
+0.000
+0.000
+0.000
+1.382
+0.000
+0.000
+0.000
+0.000
-19.07
+0.000
+0.000
+0.000
+0.000
-10.79
+0.000
+0.000
+0.000
+0.000
-11.58
+0.000
+0.000
+0.000
+0.000
-11.31
+0.000
+0.000
+0.000
+0.000
-15.02
+0.000
+0.000
+0.000
+0.000
-29.16
+0.000
+0.000
+0.000
+0.000
-71.55
+0.000
+0.000
+0.000
+0.000
-101.6
+0.000
+0.000
+0.000
+0.000
-24.71
+0.000
+0.000
+0.000
+0.000
-15.72
+0.000
+0.000
+0.000
+0.000
-11.25
+0.000
+0.000
+0.000
+0.000
-10.17
+0.000
+0.000
+0.000
+0.000
-7.550
+0.000
+0.000
+0.000
+0.000
-5.416
+0.000
+0.000
+0.000
+0.000
-4.540
+0.000
+0.000
+0.000
+0.000
-3.431
+0.000
+0.000
+0.000
+0.000
-2.759
+0.000
+0.000
+0.000
+0.000
-2.053
+0.000
+0.000
+0.000
+0.000
-1.395
+0.000
+0.000
+0.000
+0.000
-0.907
+0.000
+0.000
+0.000
+0.000
-0.669
+0.000
+0.000
+0.000
+0.000
-0.584
+0.000
+0.000
+0.000
+0.000
-0.511
+0.000
+0.000
+0.000
+0.000
-0.463
+0.000
+0.000
+0.000
+0.000
-0.616
+0.000
+0.000
+0.000
+0.000
-0.818
+0.000
+0.000
+0.000
+0.000
-1.017
+0.000
+0.000
+0.000
+0.000
-1.215
+0.000
+0.000
+0.000
+0.000
-1.505
+0.000
+0.000
+0.000
+0.000
-1.861
+0.000
+0.000
+0.000
+0.000
-2.220
+0.000
+0.000
+0.000
+0.000
-2.712
+0.000
+0.000
+0.000
+0.000
-3.052
+0.000
+0.000
+0.000
+0.000
-3.183
+0.000
+0.000
+0.000
+0.000
-3.328
+0.000
+0.000
+0.000
+0.000
-3.341
+0.000
+0.000
+0.000
+0.000
-3.264
+0.000
+0.000
+0.000
+0.000
-2.798
+0.000
+0.000
+0.000
+0.000
-1.366
+0.000
+0.000
+0.000
+0.000
+1.751
+0.000
+0.000
+0.000
+0.000
+8.497
+0.000
+0.000
+0.000
+0.000
+18.58
+0.000
+0.000
+0.000
+0.000
+29.16
+0.000
+0.000
+0.000
+0.000
+26.54
+0.000
+0.000
+0.000
+0.000
+17.90
+0.000
+0.000
+0.000
+0.000
+12.86
+0.000
+0.000
+0.000
+0.000
+9.321
+0.000
+0.000
+0.000
+0.000
+6.895
+0.000
+0.000
+0.000
+0.000
+7.024
+0.000
+0.000
+0.000
+0.000
+7.002
+0.000
+0.000
+0.000
+0.000
+10.72
+0.000
+0.000
+0.000
+0.000
+16.80
+0.000
+0.000
+0.000
+0.000
+1214.
+0.000
+0.000
+0.000
+0.000
+21.64
+0.000
+0.000
+0.000
+0.000
+12.53
+0.000
+0.000
+0.000
+0.000
+9.824
+0.000
+0.000
+0.000
+0.000
+8.015
+0.000
+0.000
+0.000
+0.000
+5.892
+0.000
+0.000
+0.000
+0.000
+4.108
+0.000
+0.000
+0.000
+0.000
+2.638
+0.000
+0.000
+0.000
+0.000
+1.154
+0.000
+0.000
+0.000
+0.000
-0.305
+0.000
+0.000
+0.000
+0.000
-1.922
+0.000
+0.000
+0.000
+0.000
-3.871
+0.000
+0.000
+0.000
+0.000
-4.940
+0.000
+0.000
+0.000
+0.000
-4.861
+0.000
+0.000
+0.000
+0.000
-4.084
+0.000
+0.000
+0.000
+0.000
-3.573
+0.000
+0.000
+0.000
+0.000
-3.280
+0.000
+0.000
+0.000
+0.000
-3.212
+0.000
+0.000
+0.000
+0.000
-3.211
+0.000
+0.000
+0.000
+0.000
-3.097
+0.000
+0.000
+0.000
+0.000
-3.051
+0.000
+0.000
+0.000
+0.000
-3.095
+0.000
+0.000
+0.000
+0.000
-3.228
+0.000
+0.000
+0.000
+0.000
-3.855
+0.000
+0.000
+0.000
+0.000
-6.053
+0.000
+0.000
+0.000
+0.000
-17.62
+0.000
+0.000
+0.000
+0.000
-19.92
+0.000
+0.000
+0.000
+0.000
-5.623
+0.000
+0.000
+0.000
+0.000
-7.087
+0.000
+0.000
+0.000
+0.000
-10.83
+0.000
+0.000
+0.000
+0.000
-15.14
+0.000
+0.000
+0.000
+0.000
-16.86
+0.000
+0.000
+0.000
+0.000
-12.41
+0.000
+0.000
+0.000
+0.000
-8.876
+0.000
+0.000
+0.000
+0.000
-5.698
+0.000
+0.000
+0.000
+0.000
-4.345
+0.000
+0.000
+0.000
+0.000
+2.441
+0.000
+0.000
+0.000
+0.000
+3.188
+0.000
+0.000
+0.000
+0.000
+3.458
+0.000
+0.000
+0.000
+0.000
+3.417
+0.000
+0.000
+0.000
+0.000
+3.347
+0.000
+0.000
+0.000
+0.000
+3.242
+0.000
+0.000
+0.000
+0.000
+3.208
+0.000
+0.000
+0.000
+0.000
+3.203
+0.000
+0.000
+0.000
+0.000
+3.064
+0.000
+0.000
+0.000
+0.000
+2.911
+0.000
+0.000
+0.000
+0.000
+2.802
+0.000
+0.000
+0.000
+0.000
+2.825
+0.000
+0.000
+0.000
+0.000
+3.113
+0.000
+0.000
+0.000
+0.000
+4.428
+0.000
+0.000
+0.000
+0.000
+14.45
+0.000
+0.000
+0.000
+0.000
+5.467
+0.000
+0.000
+0.000
+0.000
+1.379
+0.000
+0.000
+0.000
+0.000
+0.295
+0.000
+0.000
+0.000
+0.000
+0.333
+0.000
+0.000
+0.000
+0.000
+0.921
+0.000
+0.000
+0.000
+0.000
+1.559
+0.000
+0.000
+0.000
+0.000
+2.162
+0.000
+0.000
+0.000
+0.000
+2.782
+0.000
+0.000
+0.000
+0.000
+3.628
+0.000
+0.000
+0.000
+0.000
+4.905
+0.000
+0.000
+0.000
+0.000
+6.754
+0.000
+0.000
+0.000
+0.000
+8.772
+0.000
+0.000
+0.000
+0.000
+8.629
+0.000
+0.000
+0.000
+0.000
+5.097
+0.000
+0.000
+0.000
+0.000
+1.217
+0.000
+0.000
+0.000
+0.000
-3.507
+0.000
+0.000
+0.000
+0.000
-18.62
+0.000
+0.000
+0.000
+0.000
-6.456
+0.000
+0.000
+0.000
+0.000
-2.534
+0.000
+0.000
+0.000
+0.000
-1.767
+0.000
+0.000
+0.000
+0.000
-1.520
+0.000
+0.000
+0.000
+0.000
-1.295
+0.000
+0.000
+0.000
+0.000
-1.162
+0.000
+0.000
+0.000
+0.000
-1.157
+0.000
+0.000
+0.000
+0.000
-1.208
+0.000
+0.000
+0.000
+0.000
-1.355
+0.000
+0.000
+0.000
+0.000
-1.762
+0.000
+0.000
+0.000
+0.000
-3.083
+0.000
+0.000
+0.000
+0.000
-17.86
+0.000
+0.000
+0.000
+0.000
-4.685
+0.000
+0.000
+0.000
+0.000
-2.169
+0.000
+0.000
+0.000
+0.000
-1.129
+0.000
+0.000
+0.000
+0.000
-0.813
+0.000
+0.000
+0.000
+0.000
-0.843
+0.000
+0.000
+0.000
+0.000
-1.463
+0.000
+0.000
+0.000
+0.000
-2.634
+0.000
+0.000
+0.000
+0.000
-5.147
+0.000
+0.000
+0.000
+0.000
-34.74
+0.000
+0.000
+0.000
+0.000
-7.056
+0.000
+0.000
+0.000
+0.000
-3.201
+0.000
+0.000
+0.000
+0.000
-2.082
+0.000
+0.000
+0.000
+0.000
-1.100
+0.000
+0.000
+0.000
+0.000
-0.171
+0.000
+0.000
+0.000
+0.000
+0.470
+0.000
+0.000
+0.000
+0.000
+1.307
+0.000
+0.000
+0.000
+0.000
+2.605
+0.000
+0.000
+0.000
+0.000
+4.821
+0.000
+0.000
+0.000
+0.000
+8.985
+0.000
+0.000
+0.000
+0.000
+922.3
+0.000
+0.000
+0.000
+0.000
+9.167
+0.000
+0.000
+0.000
+0.000
+4.244
+0.000
+0.000
+0.000
+0.000
+2.114
+0.000
+0.000
+0.000
+0.000
+0.798
+0.000
+0.000
+0.000
+0.000
-0.024
+0.000
+0.000
+0.000
+0.000
-0.562
+0.000
+0.000
+0.000
+0.000
-0.783
+0.000
+0.000
+0.000
+0.000
-0.971
+0.000
+0.000
+0.000
+0.000
-1.264
+0.000
+0.000
+0.000
+0.000
-1.817
+0.000
+0.000
+0.000
+0.000
-2.412
+0.000
+0.000
+0.000
+0.000
-2.894
+0.000
+0.000
+0.000
+0.000
-3.130
+0.000
+0.000
+0.000
+0.000
-3.157
+0.000
+0.000
+0.000
+0.000
-2.652
+0.000
+0.000
+0.000
+0.000
-1.907
+0.000
+0.000
+0.000
+0.000
-1.173
+0.000
+0.000
+0.000
+0.000
-0.613
+0.000
+0.000
+0.000
+0.000
-0.131
+0.000
+0.000
+0.000
+0.000
+0.414
+0.000
+0.000
+0.000
+0.000
+0.923
+0.000
+0.000
+0.000
+0.000
+1.350
+0.000
+0.000
+0.000
+0.000
+1.594
+0.000
+0.000
+0.000
+0.000
+1.938
+0.000
+0.000
+0.000
+0.000
+2.827
+0.000
+0.000
+0.000
+0.000
+4.835
+0.000
+0.000
+0.000
+0.000
+11.49
+0.000
+0.000
+0.000
+0.000
+94.22
+0.000
+0.000
+0.000
+0.000
+36.50
+0.000
+0.000
+0.000
+0.000
+19.34
+0.000
+0.000
+0.000
+0.000
+15.62
+0.000
+0.000
+0.000
+0.000
+15.55
+0.000
+0.000
+0.000
+0.000
+18.96
+0.000
+0.000
+0.000
+0.000
+32.61
+0.000
+0.000
+0.000
+0.000
+201.6
+0.000
+0.000
+0.000
+0.000
+36.84
+0.000
+0.000
+0.000
+0.000
+15.21
+0.000
+0.000
+0.000
+0.000
+7.717
+0.000
+0.000
+0.000
+0.000
+4.489
+0.000
+0.000
+0.000
+0.000
+2.548
+0.000
+0.000
+0.000
+0.000
+0.833
+0.000
+0.000
+0.000
+0.000
-0.821
+0.000
+0.000
+0.000
+0.000
-3.699
+0.000
+0.000
+0.000
+0.000
-42.72
+0.000
+0.000
+0.000
+0.000
-6.406
+0.000
+0.000
+0.000
+0.000
-3.187
+0.000
+0.000
+0.000
+0.000
-1.528
+0.000
+0.000
+0.000
+0.000
-0.455
+0.000
+0.000
+0.000
+0.000
+0.105
+0.000
+0.000
+0.000
+0.000
+0.444
+0.000
+0.000
+0.000
+0.000
+0.762
+0.000
+0.000
+0.000
+0.000
+1.148
+0.000
+0.000
+0.000
+0.000
+1.776
+0.000
+0.000
+0.000
+0.000
+2.818
+0.000
+0.000
+0.000
+0.000
+5.247
+0.000
+0.000
+0.000
+0.000
+15.49
+0.000
+0.000
+0.000
+0.000
+18.74
+0.000
+0.000
+0.000
+0.000
+5.583
+0.000
+0.000
+0.000
+0.000
+3.712
+0.000
+0.000
+0.000
+0.000
+2.544
+0.000
+0.000
+0.000
+0.000
+1.902
+0.000
+0.000
+0.000
+0.000
+1.685
+0.000
+0.000
+0.000
+0.000
+4.521
+0.000
+0.000
+0.000
+0.000
+0.757
+0.000
+0.000
+0.000
+0.000
-0.314
+0.000
+0.000
+0.000
+0.000
-0.374
+0.000
+0.000
+0.000
+0.000
-0.372
+0.000
+0.000
+0.000
+0.000
-0.426
+0.000
+0.000
+0.000
+0.000
-0.565
+0.000
+0.000
+0.000
+0.000
-0.826
+0.000
+0.000
+0.000
+0.000
-1.168
+0.000
+0.000
+0.000
+0.000
-1.596
+0.000
+0.000
+0.000
+0.000
-2.219
+0.000
+0.000
+0.000
+0.000
-2.796
+0.000
+0.000
+0.000
+0.000
-3.738
+0.000
+0.000
+0.000
+0.000
-7.106
+0.000
+0.000
+0.000
+0.000
-3060.
+0.000
+0.000
+0.000
+0.000
-1.051
+0.000
+0.000
+0.000
+0.000
+2.632
+0.000
+0.000
+0.000
+0.000
+3.897
+0.000
+0.000
+0.000
+0.000
+4.548
+0.000
+0.000
+0.000
+0.000
+4.660
+0.000
+0.000
+0.000
+0.000
+4.825
+0.000
+0.000
+0.000
+0.000
+4.859
+0.000
+0.000
+0.000
+0.000
+4.466
+0.000
+0.000
+0.000
+0.000
+3.740
+0.000
+0.000
+0.000
+0.000
+2.827
+0.000
+0.000
+0.000
+0.000
+2.080
+0.000
+0.000
+0.000
+0.000
+1.324
+0.000
+0.000
+0.000
+0.000
+0.484
+0.000
+0.000
+0.000
+0.000
+0.206
+0.000
+0.000
+0.000
+0.000
+0.079
+0.000
+0.000
+0.000
+0.000
+0.076
+0.000
+0.000
+0.000
+0.000
-0.042
+0.000
+0.000
+0.000
+0.000
-0.196
+0.000
+0.000
+0.000
+0.000
-0.329
+0.000
+0.000
+0.000
+0.000
-0.416
+0.000
+0.000
+0.000
+0.000
-0.461
+0.000
+0.000
+0.000
+0.000
-0.505
+0.000
+0.000
+0.000
+0.000
-0.503
+0.000
+0.000
+0.000
+0.000
-0.483
+0.000
+0.000
+0.000
+0.000
-0.455
+0.000
+0.000
+0.000
+0.000
-0.443
+0.000
+0.000
+0.000
+0.000
-0.428
+0.000
+0.000
+0.000
+0.000
-0.430
+0.000
+0.000
+0.000
+0.000
-0.433
+0.000
+0.000
+0.000
+0.000
-0.431
+0.000
+0.000
+0.000
+0.000
-0.442
+0.000
+0.000
+0.000
+0.000
-0.440
+0.000
+0.000
+0.000
+0.000
-0.447
+0.000
+0.000
+0.000
+0.000
-0.450
+0.000
+0.000
+0.000
+0.000
-0.277
+0.000
+0.000
+0.000
+0.000
-0.083
+0.000
+0.000
+0.000
+0.000
+0.079
+0.000
+0.000
+0.000
+0.000
+0.230
+0.000
+0.000
+0.000
+0.000
+0.330
+0.000
+0.000
+0.000
+0.000
+0.390
+0.000
+0.000
+0.000
+0.000
+0.406
+0.000
+0.000
+0.000
+0.000
+0.362
+0.000
+0.000
+0.000
+0.000
+0.295
+0.000
+0.000
+0.000
+0.000
+0.233
+0.000
+0.000
+0.000
+0.000
+0.174
+0.000
+0.000
+0.000
+0.000
+0.107
+0.000
+0.000
+0.000
+0.000
+0.046
+0.000
+0.000
+0.000
+0.000
+0.002
+0.000
+0.000
+0.000
+0.000
-0.021
+0.000
+0.000
+0.000
+0.000
-0.080
+0.000
+0.000
+0.000
+0.000
-0.152
+0.000
+0.000
+0.000
+0.000
-0.164
+0.000
+0.000
+0.000
+0.000
-0.116
+0.000
+0.000
+0.000
+0.000
-0.089
+0.000
+0.000
+0.000
+0.000
-0.066
+0.000
+0.000
+0.000
+0.000
-0.027
+0.000
+0.000
+0.000
+0.000
+0.012
+0.000
+0.000
+0.000
+0.000
+0.090
+0.000
+0.000
+0.000
+0.000
+0.153
+0.000
+0.000
+0.000
+0.000
+0.159
+0.000
+0.000
+0.000
+0.000
+0.146
+0.000
+0.000
+0.000
+0.000
+0.110
+0.000
+0.000
+0.000
+0.000
+0.028
+0.000
+0.000
+0.000
+0.000
-0.056
+0.000
+0.000
+0.000
+0.000
-0.135
+0.000
+0.000
+0.000
+0.000
-0.169
+0.000
+0.000
+0.000
+0.000
-0.149
+0.000
+0.000
+0.000
+0.000
-0.103
+0.000
+0.000
+0.000
+0.000
-0.051
+0.000
+0.000
+0.000
+0.000
+0.005
+0.000
+0.000
+0.000
+0.000
+0.058
+0.000
+0.000
+0.000
+0.000
+0.106
+0.000
+0.000
+0.000
+0.000
+0.126
+0.000
+0.000
+0.000
+0.000
+0.221
+0.000
+0.000
+0.000
+0.000
+0.331
+0.000
+0.000
+0.000
+0.000
+0.419
+0.000
+0.000
+0.000
+0.000
+0.484
+0.000
+0.000
+0.000
+0.000
+0.521
+0.000
+0.000
+0.000
+0.000
+0.528
+0.000
+0.000
+0.000
+0.000
+0.501
+0.000
+0.000
+0.000
+0.000
+0.446
+0.000
+0.000
+0.000
+0.000
+0.373
+0.000
+0.000
+0.000
+0.000
+0.305
+0.000
+0.000
+0.000
+0.000
+0.218
+0.000
+0.000
+0.000
+0.000
+0.114
+0.000
+0.000
+0.000
+0.000
+0.005
+0.000
+0.000
+0.000
+0.000
-0.081
+0.000
+0.000
+0.000
+0.000
-0.085
+0.000
+0.000
+0.000
+0.000
-0.085
+0.000
+0.000
+0.000
+0.000
-0.081
+0.000
+0.000
+0.000
+0.000
-0.075
+0.000
+0.000
+0.000
+0.000
-0.067
+0.000
+0.000
+0.000
+0.000
-0.056
+0.000
+0.000
+0.000
+0.000
-0.044
+0.000
+0.000
+0.000
+0.000
-0.043
+0.000
+0.000
+0.000
+0.000
-0.050
+0.000
+0.000
+0.000
+0.000
-0.063
+0.000
+0.000
+0.000
+0.000
-0.078
+0.000
+0.000
+0.000
+0.000
-0.091
+0.000
+0.000
+0.000
+0.000
-0.099
+0.000
+0.000
+0.000
+0.000
-0.105
+0.000
+0.000
+0.000
+0.000
-0.107
+0.000
+0.000
+0.000
+0.000
-0.106
+0.000
+0.000
+0.000
+0.000
-0.102
+0.000
+0.000
+0.000
+0.000
-0.095
+0.000
+0.000
+0.000
+0.000
-0.087
+0.000
+0.000
+0.000
+0.000
-0.086
+0.000
+0.000
+0.000
+0.000
-0.100
+0.000
+0.000
+0.000
+0.000
-0.136
+0.000
+0.000
+0.000
+0.000
-0.173
+0.000
+0.000
+0.000
+0.000
-0.209
+0.000
+0.000
+0.000
+0.000
-0.244
+0.000
+0.000
+0.000
+0.000
-0.274
+0.000
+0.000
+0.000
+0.000
-0.300
+0.000
+0.000
+0.000
+0.000
-0.321
+0.000
+0.000
+0.000
+0.000
-0.337
+0.000
+0.000
+0.000
+0.000
-0.348
+0.000
+0.000
+0.000
+0.000
-0.361
+0.000
+0.000
+0.000
+0.000
-0.450
+0.000
+0.000
+0.000
+0.000
-0.533
+0.000
+0.000
+0.000
+0.000
-0.615
+0.000
+0.000
+0.000
+0.000
-0.684
+0.000
+0.000
+0.000
+0.000
-0.765
+0.000
+0.000
+0.000
+0.000
-0.817
+0.000
+0.000
+0.000
+0.000
-0.827
+0.000
+0.000
+0.000
+0.000
-0.797
+0.000
+0.000
+0.000
+0.000
-0.733
+0.000
+0.000
+0.000
+0.000
-0.644
+0.000
+0.000
+0.000
+0.000
-0.540
+0.000
+0.000
+0.000
+0.000
-0.433
+0.000
+0.000
+0.000
+0.000
-0.328
+0.000
+0.000
+0.000
+0.000
-0.240
+0.000
+0.000
+0.000
+0.000
-0.162
+0.000
+0.000
+0.000
+0.000
-0.111
+0.000
+0.000
+0.000
+0.000
-0.097
+0.000
+0.000
+0.000
+0.000
-0.084
+0.000
+0.000
+0.000
+0.000
-0.073
+0.000
+0.000
+0.000
+0.000
-0.063
+0.000
+0.000
+0.000
+0.000
-0.055
+0.000
+0.000
+0.000
+0.000
-0.048
+0.000
+0.000
+0.000
+0.000
-0.043
+0.000
+0.000
+0.000
+0.000
-0.039
+0.000
+0.000
+0.000
+0.000
-0.036
+0.000
+0.000
+0.000
+0.000
-0.033
+0.000
+0.000
+0.000
+0.000
-0.030
+0.000
+0.000
+0.000
+0.000
-0.026
+0.000
+0.000
+0.000
+0.000
-0.022
+0.000
+0.000
+0.000
+0.000
-0.018
+0.000
+0.000
+0.000
+0.000
-0.018
+0.000
+0.000
+0.000
+0.000
-0.022
+0.000
+0.000
+0.000
+0.000
-0.047
+0.000
+0.000
+0.000
+0.000
-0.070
+0.000
+0.000
+0.000
+0.000
-0.088
+0.000
+0.000
+0.000
+0.000
-0.104
+0.000
+0.000
+0.000
+0.000
-0.116
+0.000
+0.000
+0.000
+0.000
-0.124
+0.000
+0.000
+0.000
+0.000
-0.125
+0.000
+0.000
+0.000
+0.000
-0.119
+0.000
+0.000
+0.000
+0.000
-0.106
+0.000
+0.000
+0.000
+0.000
-0.088
+0.000
+0.000
+0.000
+0.000
-0.066
+0.000
+0.000
+0.000
+0.000
-0.042
+0.000
+0.000
+0.000
+0.000
-0.035
+0.000
+0.000
+0.000
+0.000
-0.031
+0.000
+0.000
+0.000
+0.000
-0.026
+0.000
+0.000
+0.000
+0.000
-0.029
+0.000
+0.000
+0.000
+0.000
-0.035
+0.000
+0.000
+0.000
+0.000
-0.043
+0.000
+0.000
+0.000
+0.000
-0.049
+0.000
+0.000
+0.000
+0.000
-0.052
+0.000
+0.000
+0.000
+0.000
-0.053
+0.000
+0.000
+0.000
+0.000
-0.050
+0.000
+0.000
+0.000
+0.000
-0.045
+0.000
+0.000
+0.000
+0.000
-0.038
+0.000
+0.000
+0.000
+0.000
-0.030
+0.000
+0.000
+0.000
+0.000
-0.020
+0.000
+0.000
+0.000
+0.000
-0.018
+0.000
+0.000
+0.000
+0.000
-0.018
+0.000
+0.000
+0.000
+0.000
-0.018
+0.000
+0.000
+0.000
+0.000
-0.018
+0.000
+0.000
+0.000
+0.000
-0.018
+0.000
+0.000
+0.000
+0.000
-0.018
+0.000
+0.000
+0.000
+0.000
-0.018
+0.000
+0.000
+0.000
+0.000
-0.018
+0.000
+0.000
+0.000
+0.000
-0.018
+0.000
+0.000
+0.000
+0.000
-0.018
+0.000
+0.000
+0.000
+0.000
-0.018
+0.000
+0.000
+0.000
+0.000
-0.018
+0.000
+0.000
+0.000
+0.000
-0.018
+0.000
+0.000
+0.000
+0.000
-0.018
+0.000
+0.000
+0.000
+0.000
-0.018
+0.000
+0.000
+0.000
+0.000
-0.019
+0.000
+0.000
+0.000
+0.000
-0.019
+0.000
+0.000
+0.000
+0.000
-0.019
+0.000
+0.000
+0.000
+0.000
-0.019
+0.000
+0.000
+0.000
+0.000
-0.019
+0.000
+0.000
+0.000
+0.000
-0.019
+0.000
+0.000
+0.000
+0.000
-0.019
+0.000
+0.000
+0.000
+0.000
-0.019
+0.000
+0.000
+0.000
+0.000
-0.019
+0.000
+0.000
+0.000
+0.000
-0.019
+0.000
+0.000
+0.000
+0.000
-0.019
+0.000
+0.000
+0.000
+0.000
-0.019
+0.000
+0.000
+0.000
+0.000
-0.019
+0.000
+0.000
+0.000
+0.000
-0.019
+0.000
+0.000
+0.000
+0.000
-0.019
+0.000
+0.000
+0.000
+0.000
-0.019
+0.000
+0.000
+0.000
+0.000
-0.019
+0.000
+0.000
+0.000
+0.000
-0.019
+0.000
+0.000
+0.000
+0.000
-0.019
+0.000
+0.000
+0.000
+0.000
-0.019
+0.000
+0.000
+0.000
+0.000
-0.019
+0.000
+0.000
+0.000
+0.000
-0.019
+0.000
+0.000
+0.000
+0.000
-0.020
+0.000
+0.000
+0.000
+0.000
-0.020
+0.000
+0.000
+0.000
+0.000
-0.020
+0.000
+0.000
+0.000
+0.000
-0.020
+0.000
+0.000
+0.000
+0.000
-0.020
+0.000
+0.000
+0.000
+0.000
-0.020
+0.000
+0.000
+0.000
+0.000
-0.020
+0.000
+0.000
+0.000
+0.000
-0.020
+0.000
+0.000
+0.000
+0.000
-0.020
+0.000
+0.000
+0.000
+0.000
-0.020
+0.000
+0.000
+0.000
+0.000
-0.020
+0.000
+0.000
+0.000
+0.000
-0.020
+0.000
+0.000
+0.000
+0.000
-0.020
+0.000
+0.000
+0.000
+0.000
-0.023
+0.000
+0.000
+0.000
+0.000
-0.028
+0.000
+0.000
+0.000
+0.000
-0.034
+0.000
+0.000
+0.000
+0.000
-0.040
+0.000
+0.000
+0.000
+0.000
-0.044
+0.000
+0.000
+0.000
+0.000
-0.047
+0.000
+0.000
+0.000
+0.000
-0.049
+0.000
+0.000
+0.000
+0.000
-0.049
+0.000
+0.000
+0.000
+0.000
-0.048
+0.000
+0.000
+0.000
+0.000
-0.046
+0.000
+0.000
+0.000
+0.000
-0.043
+0.000
+0.000
+0.000
+0.000
-0.038
+0.000
+0.000
+0.000
+0.000
-0.033
+0.000
+0.000
+0.000
+0.000
-0.028
+0.000
+0.000
+0.000
+0.000
-0.023
+0.000
+0.000
+0.000
+0.000
-0.021
+0.000
+0.000
+0.000
+0.000
-0.021
+0.000
+0.000
+0.000
+0.000
-0.021
+0.000
+0.000
+0.000
+0.000
-0.021
+0.000
+0.000
+0.000
+0.000
-0.022
+0.000
+0.000
+0.000
+0.000
-0.022
+0.000
+0.000
+0.000
+0.000
-0.022
+0.000
+0.000
+0.000
+0.000
-0.022
+0.000
+0.000
+0.000
+0.000
-0.022
+0.000
+0.000
+0.000
+0.000
-0.022
+0.000
+0.000
+0.000
+0.000
-0.026
+0.000
+0.000
+0.000
+0.000
-0.031
+0.000
+0.000
+0.000
+0.000
-0.036
+0.000
+0.000
+0.000
+0.000
-0.039
+0.000
+0.000
+0.000
+0.000
-0.042
+0.000
+0.000
+0.000
+0.000
-0.044
+0.000
+0.000
+0.000
+0.000
-0.044
+0.000
+0.000
+0.000
+0.000
-0.044
+0.000
+0.000
+0.000
+0.000
-0.042
+0.000
+0.000
+0.000
+0.000
-0.040
+0.000
+0.000
+0.000
+0.000
-0.041
+0.000
+0.000
+0.000
+0.000
-0.042
+0.000
+0.000
+0.000
+0.000
-0.041
+0.000
+0.000
+0.000
+0.000
-0.040
+0.000
+0.000
+0.000
+0.000
-0.041
+0.000
+0.000
+0.000
+0.000
-0.042
+0.000
+0.000
+0.000
+0.000
-0.043
+0.000
+0.000
+0.000
+0.000
-0.042
+0.000
+0.000
+0.000
+0.000
-0.041
+0.000
+0.000
+0.000
+0.000
-0.039
+0.000
+0.000
+0.000
+0.000
-0.036
+0.000
+0.000
+0.000
+0.000
-0.033
+0.000
+0.000
+0.000
+0.000
-0.029
+0.000
+0.000
+0.000
+0.000
-0.025
+0.000
+0.000
+0.000
+0.000
-0.022
+0.000
+0.000
+0.000
+0.000
-0.022
+0.000
+0.000
+0.000
+0.000
-0.022
+0.000
+0.000
+0.000
+0.000
-0.022
+0.000
+0.000
+0.000
+0.000
-0.022
+0.000
+0.000
+0.000
+0.000
-0.022
+0.000
+0.000
+0.000
+0.000
-0.022
+0.000
+0.000
+0.000
+0.000
-0.022
+0.000
+0.000
+0.000
+0.000
-0.022
+0.000
+0.000
+0.000
+0.000
-0.022
+0.000
+0.000
+0.000
+0.000
-0.022
+0.000
+0.000
+0.000
+0.000
-0.022
+0.000
+0.000
+0.000
+0.000
-0.022
+0.000
+0.000
+0.000
+0.000
-0.022
+0.000
+0.000
+0.000
+0.000
-0.022
+0.000
+0.000
+0.000
+0.000
-0.022
+0.000
+0.000
+0.000
+0.000
-0.022
+0.000
+0.000
+0.000
+0.000
-0.022
+0.000
+0.000
+0.000
+0.000
-0.022
+0.000
+0.000
+0.000
+0.000
-0.022
+0.000
+0.000
+0.000
+0.000
-0.022
+0.000
+0.000
+0.000
+0.000
-0.022
+0.000
+0.000
+0.000
+0.000
-0.022
+0.000
+0.000
+0.000
+0.000
-0.022
+0.000
+0.000
+0.000
+0.000
-0.022
+0.000
+0.000
+0.000
+0.000
-0.022
+0.000
+0.000
+0.000
+0.000
-0.022
+0.000
+0.000
+0.000
+0.000
-0.025
+0.000
+0.000
+0.000
+0.000
-0.030
+0.000
+0.000
+0.000
+0.000
-0.037
+0.000
+0.000
+0.000
+0.000
-0.043
+0.000
+0.000
+0.000
+0.000
-0.049
+0.000
+0.000
+0.000
+0.000
-0.053
+0.000
+0.000
+0.000
+0.000
-0.057
+0.000
+0.000
+0.000
+0.000
-0.058
+0.000
+0.000
+0.000
+0.000
-0.058
+0.000
+0.000
+0.000
+0.000
-0.057
+0.000
+0.000
+0.000
+0.000
-0.053
+0.000
+0.000
+0.000
+0.000
-0.049
+0.000
+0.000
+0.000
+0.000
-0.043
+0.000
+0.000
+0.000
+0.000
-0.036
+0.000
+0.000
+0.000
+0.000
-0.029
+0.000
+0.000
+0.000
+0.000
-0.024
+0.000
+0.000
+0.000
+0.000
-0.021
+0.000
+0.000
+0.000
+0.000
-0.020
+0.000
+0.000
+0.000
+0.000
-0.020
+0.000
+0.000
+0.000
+0.000
-0.020
+0.000
+0.000
+0.000
+0.000
-0.020
+0.000
+0.000
+0.000
+0.000
-0.020
+0.000
+0.000
+0.000
+0.000
-0.020
+0.000
+0.000
+0.000
+0.000
-0.020
+0.000
+0.000
+0.000
+0.000
-0.020
+0.000
+0.000
+0.000
+0.000
-0.020
+0.000
+0.000
+0.000
+0.000
-0.019
+0.000
+0.000
+0.000
+0.000
-0.019
+0.000
+0.000
+0.000
+0.000
-0.019
+0.000
+0.000
+0.000
+0.000
-0.019
+0.000
+0.000
+0.000
+0.000
-0.019
+0.000
+0.000
+0.000
+0.000
-0.019
+0.000
+0.000
+0.000
+0.000
-0.019
+0.000
+0.000
+0.000
+0.000
-0.019
+0.000
+0.000
+0.000
+0.000
-0.019
+0.000
+0.000
+0.000
+0.000
-0.019
+0.000
+0.000
+0.000
+0.000
-0.019
+0.000
+0.000
+0.000
+0.000
-0.019
+0.000
+0.000
+0.000
+0.000
-0.019
+0.000
+0.000
+0.000
+0.000
-0.019
+0.000
+0.000
+0.000
+0.000
-0.019
+0.000
+0.000
+0.000
+0.000
-0.018
+0.000
+0.000
+0.000
+0.000
-0.018
+0.000
+0.000
+0.000
+0.000
-0.018
+0.000
+0.000
+0.000
+0.000
-0.018
+0.000
+0.000
+0.000
+0.000
-0.025
+0.000
+0.000
+0.000
+0.000
-0.033
+0.000
+0.000
+0.000
+0.000
-0.039
+0.000
+0.000
+0.000
+0.000
-0.045
+0.000
+0.000
+0.000
+0.000
-0.049
+0.000
+0.000
+0.000
+0.000
-0.051
+0.000
+0.000
+0.000
+0.000
-0.051
+0.000
+0.000
+0.000
+0.000
-0.049
+0.000
+0.000
+0.000
+0.000
-0.045
+0.000
+0.000
+0.000
+0.000
-0.040
+0.000
+0.000
+0.000
+0.000
-0.034
+0.000
+0.000
+0.000
+0.000
-0.026
+0.000
+0.000
+0.000
+0.000
-0.019
+0.000
+0.000
+0.000
+0.000
-0.017
+0.000
+0.000
+0.000
+0.000
-0.017
+0.000
+0.000
+0.000
+0.000
-0.017
+0.000
+0.000
+0.000
+0.000
-0.017
+0.000
+0.000
+0.000
+0.000
-0.017
+0.000
+0.000
+0.000
+0.000
-0.017
+0.000
+0.000
+0.000
+0.000
-0.017
+0.000
+0.000
+0.000
+0.000
-0.017
+0.000
+0.000
+0.000
+0.000
-0.017
+0.000
+0.000
+0.000
+0.000
-0.017
+0.000
+0.000
+0.000
+0.000
-0.017
+0.000
+0.000
+0.000
+0.000
-0.016
+0.000
+0.000
+0.000
+0.000
-0.016
+0.000
+0.000
+0.000
+0.000
-0.016
+0.000
+0.000
+0.000
+0.000
-0.016
+0.000
+0.000
+0.000
+0.000
-0.016
+0.000
+0.000
+0.000
+0.000
-0.016
+0.000
+0.000
+0.000
+0.000
-0.016
+0.000
+0.000
+0.000
+0.000
-0.016
+0.000
+0.000
+0.000
+0.000
-0.016
+0.000
+0.000
+0.000
+0.000
-0.015
+0.000
+0.000
+0.000
+0.000
-0.015
+0.000
+0.000
+0.000
+0.000
-0.015
+0.000
+0.000
+0.000
+0.000
-0.015
+0.000
+0.000
+0.000
+0.000
-0.076
+0.000
+0.000
+0.000
+0.000
-0.138
+0.000
+0.000
+0.000
+0.000
-0.256
+0.000
+0.000
+0.000
+0.000
-0.362
+0.000
+0.000
+0.000
+0.000
-0.446
+0.000
+0.000
+0.000
+0.000
-0.504
+0.000
+0.000
+0.000
+0.000
-0.531
+0.000
+0.000
+0.000
+0.000
-0.528
+0.000
+0.000
+0.000
+0.000
-0.494
+0.000
+0.000
+0.000
+0.000
-0.436
+0.000
+0.000
+0.000
+0.000
-0.359
+0.000
+0.000
+0.000
+0.000
-0.270
+0.000
+0.000
+0.000
+0.000
-0.177
+0.000
+0.000
+0.000
+0.000
-0.087
+0.000
+0.000
+0.000
+0.000
-0.042
+0.000
+0.000
+0.000
+0.000
-0.014
+0.000
+0.000
+0.000
+0.000
-0.014
+0.000
+0.000
+0.000
+0.000
-0.014
+0.000
+0.000
+0.000
+0.000
-0.014
+0.000
+0.000
+0.000
+0.000
-0.014
+0.000
+0.000
+0.000
+0.000
-0.014
+0.000
+0.000
+0.000
+0.000
-0.014
+0.000
+0.000
+0.000
+0.000
-0.014
+0.000
+0.000
+0.000
+0.000
-0.014
+0.000
+0.000
+0.000
+0.000
-0.014
+0.000
+0.000
+0.000
+0.000
-0.014
+0.000
+0.000
+0.000
+0.000
-0.014
+0.000
+0.000
+0.000
+0.000
-0.014
+0.000
+0.000
+0.000
+0.000
-0.014
+0.000
+0.000
+0.000
+0.000
-0.014
+0.000
+0.000
+0.000
+0.000
-0.014
+0.000
+0.000
+0.000
+0.000
-0.014
+0.000
+0.000
+0.000
+0.000
-0.014
+0.000
+0.000
+0.000
+0.000
-0.014
+0.000
+0.000
+0.000
+0.000
-0.014
+0.000
+0.000
+0.000
+0.000
-0.014
+0.000
+0.000
+0.000
+0.000
-0.014
+0.000
+0.000
+0.000
+0.000
-0.014
+0.000
+0.000
+0.000
+0.000
-0.014
+0.000
+0.000
+0.000
+0.000
-0.014
+0.000
+0.000
+0.000
+0.000
-0.014
+0.000
+0.000
+0.000
+0.000
-0.014
+0.000
+0.000
+0.000
+0.000
-0.014
+0.000
+0.000
+0.000
+0.000
-0.014
+0.000
+0.000
+0.000
+0.000
-0.014
+0.000
+0.000
+0.000
+0.000
-0.014
+0.000
+0.000
+0.000
+0.000
-0.014
+0.000
+0.000
+0.000
+0.000
-0.014
+0.000
+0.000
+0.000
+0.000
-0.014
+0.000
+0.000
+0.000
+0.000
-0.014
+0.000
+0.000
+0.000
+0.000
-0.014
+0.000
+0.000
+0.000
+0.000
-0.013
+0.000
+0.000
+0.000
+0.000
-0.013
+0.000
+0.000
+0.000
+0.000
-0.018
+0.000
+0.000
+0.000
+0.000
-0.048
+0.000
+0.000
+0.000
+0.000
-0.104
+0.000
+0.000
+0.000
+0.000
-0.168
+0.000
+0.000
+0.000
+0.000
-0.228
+0.000
+0.000
+0.000
+0.000
-0.282
+0.000
+0.000
+0.000
+0.000
-0.326
+0.000
+0.000
+0.000
+0.000
-0.356
+0.000
+0.000
+0.000
+0.000
-0.370
+0.000
+0.000
+0.000
+0.000
-0.367
+0.000
+0.000
+0.000
+0.000
-0.348
+0.000
+0.000
+0.000
+0.000
-0.331
+0.000
+0.000
+0.000
+0.000
-0.311
+0.000
+0.000
+0.000
+0.000
-0.280
+0.000
+0.000
+0.000
+0.000
-0.240
+0.000
+0.000
+0.000
+0.000
-0.195
+0.000
+0.000
+0.000
+0.000
-0.148
+0.000
+0.000
+0.000
+0.000
-0.114
+0.000
+0.000
+0.000
+0.000
-0.097
+0.000
+0.000
+0.000
+0.000
-0.092
+0.000
+0.000
+0.000
+0.000
-0.083
+0.000
+0.000
+0.000
+0.000
-0.071
+0.000
+0.000
+0.000
+0.000
-0.056
+0.000
+0.000
+0.000
+0.000
-0.041
+0.000
+0.000
+0.000
+0.000
-0.025
+0.000
+0.000
+0.000
+0.000
-0.017
+0.000
+0.000
+0.000
+0.000
-0.036
+0.000
+0.000
+0.000
+0.000
-0.055
+0.000
+0.000
+0.000
+0.000
-0.071
+0.000
+0.000
+0.000
+0.000
-0.085
+0.000
+0.000
+0.000
+0.000
-0.095
+0.000
+0.000
+0.000
+0.000
-0.101
+0.000
+0.000
+0.000
+0.000
-0.102
+0.000
+0.000
+0.000
+0.000
-0.098
+0.000
+0.000
+0.000
+0.000
-0.090
+0.000
+0.000
+0.000
+0.000
-0.079
+0.000
+0.000
+0.000
+0.000
-0.065
+0.000
+0.000
+0.000
+0.000
-0.049
+0.000
+0.000
+0.000
+0.000
-0.049
+0.000
+0.000
+0.000
+0.000
-0.068
+0.000
+0.000
+0.000
+0.000
-0.146
+0.000
+0.000
+0.000
+0.000
-0.230
+0.000
+0.000
+0.000
+0.000
-0.311
+0.000
+0.000
+0.000
+0.000
-0.406
+0.000
+0.000
+0.000
+0.000
-0.525
+0.000
+0.000
+0.000
+0.000
-0.626
+0.000
+0.000
+0.000
+0.000
-0.699
+0.000
+0.000
+0.000
+0.000
-0.735
+0.000
+0.000
+0.000
+0.000
-0.730
+0.000
+0.000
+0.000
+0.000
-0.684
+0.000
+0.000
+0.000
+0.000
-0.604
+0.000
+0.000
+0.000
+0.000
-0.501
+0.000
+0.000
+0.000
+0.000
-0.385
+0.000
+0.000
+0.000
+0.000
-0.266
+0.000
+0.000
+0.000
+0.000
-0.174
+0.000
+0.000
+0.000
+0.000
-0.109
+0.000
+0.000
+0.000
+0.000
-0.056
+0.000
+0.000
+0.000
+0.000
-0.015
+0.000
+0.000
+0.000
+0.000
-0.023
+0.000
+0.000
+0.000
+0.000
-0.033
+0.000
+0.000
+0.000
+0.000
-0.041
+0.000
+0.000
+0.000
+0.000
-0.048
+0.000
+0.000
+0.000
+0.000
-0.053
+0.000
+0.000
+0.000
+0.000
-0.055
+0.000
+0.000
+0.000
+0.000
-0.056
+0.000
+0.000
+0.000
+0.000
-0.054
+0.000
+0.000
+0.000
+0.000
-0.056
+0.000
+0.000
+0.000
+0.000
-0.068
+0.000
+0.000
+0.000
+0.000
-0.078
+0.000
+0.000
+0.000
+0.000
-0.085
+0.000
+0.000
+0.000
+0.000
-0.088
+0.000
+0.000
+0.000
+0.000
-0.087
+0.000
+0.000
+0.000
+0.000
-0.092
+0.000
+0.000
+0.000
+0.000
-0.092
+0.000
+0.000
+0.000
+0.000
-0.088
+0.000
+0.000
+0.000
+0.000
-0.081
+0.000
+0.000
+0.000
+0.000
-0.070
+0.000
+0.000
+0.000
+0.000
-0.057
+0.000
+0.000
+0.000
+0.000
-0.042
+0.000
+0.000
+0.000
+0.000
-0.026
+0.000
+0.000
+0.000
+0.000
-0.013
+0.000
+0.000
+0.000
+0.000
-0.013
+0.000
+0.000
+0.000
+0.000
-0.013
+0.000
+0.000
+0.000
+0.000
-0.013
+0.000
+0.000
+0.000
+0.000
-0.013
+0.000
+0.000
+0.000
+0.000
-0.025
+0.000
+0.000
+0.000
+0.000
-0.043
+0.000
+0.000
+0.000
+0.000
-0.062
+0.000
+0.000
+0.000
+0.000
-0.094
+0.000
+0.000
+0.000
+0.000
-0.123
+0.000
+0.000
+0.000
+0.000
-0.146
+0.000
+0.000
+0.000
+0.000
-0.161
+0.000
+0.000
+0.000
+0.000
-0.168
+0.000
+0.000
+0.000
+0.000
-0.166
+0.000
+0.000
+0.000
+0.000
-0.174
+0.000
+0.000
+0.000
+0.000
-0.190
+0.000
+0.000
+0.000
+0.000
-0.218
+0.000
+0.000
+0.000
+0.000
-0.256
+0.000
+0.000
+0.000
+0.000
-0.290
+0.000
+0.000
+0.000
+0.000
-0.332
+0.000
+0.000
+0.000
+0.000
-0.368
+0.000
+0.000
+0.000
+0.000
-0.396
+0.000
+0.000
+0.000
+0.000
-0.421
+0.000
+0.000
+0.000
+0.000
-0.429
+0.000
+0.000
+0.000
+0.000
-0.429
+0.000
+0.000
+0.000
+0.000
-0.408
+0.000
+0.000
+0.000
+0.000
-0.368
+0.000
+0.000
+0.000
+0.000
-0.312
+0.000
+0.000
+0.000
+0.000
-0.249
+0.000
+0.000
+0.000
+0.000
-0.179
+0.000
+0.000
+0.000
+0.000
-0.120
+0.000
+0.000
+0.000
+0.000
-0.081
+0.000
+0.000
+0.000
+0.000
-0.058
+0.000
+0.000
+0.000
+0.000
-0.048
+0.000
+0.000
+0.000
+0.000
-0.037
+0.000
+0.000
+0.000
+0.000
-0.024
+0.000
+0.000
+0.000
+0.000
-0.013
+0.000
+0.000
+0.000
+0.000
-0.013
+0.000
+0.000
+0.000
+0.000
-0.013
+0.000
+0.000
+0.000
+0.000
-0.013
+0.000
+0.000
+0.000
+0.000
-0.013
+0.000
+0.000
+0.000
+0.000
-0.013
+0.000
+0.000
+0.000
+0.000
-0.013
+0.000
+0.000
+0.000
+0.000
-0.013
+0.000
+0.000
+0.000
+0.000
-0.013
+0.000
+0.000
+0.000
+0.000
-0.013
+0.000
+0.000
+0.000
+0.000
-0.013
+0.000
+0.000
+0.000
+0.000
-0.013
+0.000
+0.000
+0.000
+0.000
-0.013
+0.000
+0.000
+0.000
+0.000
-0.013
+0.000
+0.000
+0.000
+0.000
-0.013
+0.000
+0.000
+0.000
+0.000
-0.013
+0.000
+0.000
+0.000
+0.000
-0.013
+0.000
+0.000
+0.000
+0.000
-0.013
+0.000
+0.000
+0.000
+0.000
-0.013
+0.000
+0.000
+0.000
+0.000
-0.014
+0.000
+0.000
+0.000
+0.000
-0.014
+0.000
+0.000
+0.000
+0.000
-0.014
+0.000
+0.000
+0.000
+0.000
-0.014
+0.000
+0.000
+0.000
+0.000
-0.014
+0.000
+0.000
+0.000
+0.000
-0.014
+0.000
+0.000
+0.000
+0.000
-0.014
+0.000
+0.000
+0.000
+0.000
-0.014
+0.000
+0.000
+0.000
+0.000
-0.014
+0.000
+0.000
+0.000
+0.000
-0.014
+0.000
+0.000
+0.000
+0.000
-0.014
+0.000
+0.000
+0.000
+0.000
-0.014
+0.000
+0.000
+0.000
+0.000
-0.014
+0.000
+0.000
+0.000
+0.000
-0.014
+0.000
+0.000
+0.000
+0.000
-0.014
+0.000
+0.000
+0.000
+0.000
-0.014
+0.000
+0.000
+0.000
+0.000
-0.014
+0.000
+0.000
+0.000
+0.000
-0.014
+0.000
+0.000
+0.000
+0.000
-0.014
+0.000
+0.000
+0.000
+0.000
-0.014
+0.000
+0.000
+0.000
+0.000
-0.014
+0.000
+0.000
+0.000
+0.000
-0.014
+0.000
+0.000
+0.000
+0.000
-0.013
+0.000
+0.000
+0.000
+0.000
-0.013
+0.000
+0.000
+0.000
+0.000
-0.013
+0.000
+0.000
+0.000
+0.000
-0.013
+0.000
+0.000
+0.000
+0.000
-0.013
+0.000
+0.000
+0.000
+0.000
-0.013
+0.000
+0.000
+0.000
+0.000
-0.013
+0.000
+0.000
+0.000
+0.000
-0.014
+0.000
+0.000
+0.000
+0.000
-0.014
+0.000
+0.000
+0.000
+0.000
-0.014
+0.000
+0.000
+0.000
+0.000
-0.014
+0.000
+0.000
+0.000
+0.000
-0.014
+0.000
+0.000
+0.000
+0.000
-0.014
+0.000
+0.000
+0.000
+0.000
-0.014
+0.000
+0.000
+0.000
+0.000
-0.014
+0.000
+0.000
+0.000
+0.000
-0.014
+0.000
+0.000
+0.000
+0.000
-0.014
+0.000
+0.000
+0.000
+0.000
-0.014
+0.000
+0.000
+0.000
+0.000
-0.014
+0.000
+0.000
+0.000
+0.000
-0.014
+0.000
+0.000
+0.000
+0.000
-0.014
+0.000
+0.000
+0.000
+0.000
-0.014
+0.000
+0.000
+0.000
+0.000
-0.013
+0.000
+0.000
+0.000
+0.000
-0.013
+0.000
+0.000
+0.000
+0.000
-0.013
+0.000
+0.000
+0.000
+0.000
-0.013
+0.000
+0.000
+0.000
+0.000
-0.013
+0.000
+0.000
+0.000
+0.000
-0.013
+0.000
+0.000
+0.000
+0.000
-0.013
+0.000
+0.000
+0.000
+0.000
-0.013
+0.000
+0.000
+0.000
+0.000
-0.013
+0.000
+0.000
+0.000
+0.000
-0.013
+0.000
+0.000
+0.000
+0.000
-0.013
+0.000
+0.000
+0.000
+0.000
-0.013
+0.000
+0.000
+0.000
+0.000
-0.013
+0.000
+0.000
+0.000
+0.000
-0.013
+0.000
+0.000
+0.000
+0.000
-0.013
+0.000
+0.000
+0.000
+0.000
-0.013
+0.000
+0.000
+0.000
+0.000
-0.013
+0.000
+0.000
+0.000
+0.000
-0.013
+0.000
+0.000
+0.000
+0.000
-0.013
+0.000
+0.000
+0.000
+0.000
-0.013
+0.000
+0.000
+0.000
+0.000
-0.013
+0.000
+0.000
+0.000
+0.000
-0.013
+0.000
+0.000
+0.000
+0.000
-0.013
+0.000
+0.000
+0.000
+0.000
-0.012
+0.000
+0.000
+0.000
+0.000
-0.012
+0.000
+0.000
+0.000
+0.000
-0.012
+0.000
+0.000
+0.000
+0.000
-0.012
+0.000
+0.000
+0.000
+0.000
-0.012
+0.000
+0.000
+0.000
+0.000
