+0.000
+0.000
+0.000
+0.000
+0.000
+0.100
+0.000
+0.000
+0.000
+0.000
+0.048
+0.000
+0.000
+0.000
+0.000
+0.047
+0.000
+0.000
+0.000
+0.000
-0.003
+0.000
+0.000
+0.000
+0.000
-0.008
+0.000
+0.000
+0.000
+0.000
-0.027
+0.000
+0.000
+0.000
+0.000
-0.033
+0.000
+0.000
+0.000
+0.000
-0.039
+0.000
+0.000
+0.000
+0.000
-0.043
+0.000
+0.000
+0.000
+0.000
-0.028
+0.000
+0.000
+0.000
+0.000
-0.025
+0.000
+0.000
+0.000
+0.000
-0.022
+0.000
+0.000
+0.000
+0.000
+0.012
+0.000
+0.000
+0.000
+0.000
+0.028
+0.000
+0.000
+0.000
+0.000
+0.047
+0.000
+0.000
+0.000
+0.000
+0.071
+0.000
+0.000
+0.000
+0.000
+0.099
+0.000
+0.000
+0.000
+0.000
+0.116
+0.000
+0.000
+0.000
+0.000
+0.135
+0.000
+0.000
+0.000
+0.000
+0.135
+0.000
+0.000
+0.000
+0.000
+0.114
+0.000
+0.000
+0.000
+0.000
+0.100
+0.000
+0.000
+0.000
+0.000
+0.065
+0.000
+0.000
+0.000
+0.000
+0.045
+0.000
+0.000
+0.000
+0.000
+0.028
+0.000
+0.000
+0.000
+0.000
+0.012
+0.000
+0.000
+0.000
+0.000
-0.001
+0.000
+0.000
+0.000
+0.000
-0.011
+0.000
+0.000
+0.000
+0.000
-0.022
+0.000
+0.000
+0.000
+0.000
-0.027
+0.000
+0.000
+0.000
+0.000
-0.030
+0.000
+0.000
+0.000
+0.000
-0.030
+0.000
+0.000
+0.000
+0.000
-0.024
+0.000
+0.000
+0.000
+0.000
-0.016
+0.000
+0.000
+0.000
+0.000
-0.007
+0.000
+0.000
+0.000
+0.000
+0.008
+0.000
+0.000
+0.000
+0.000
+0.030
+0.000
+0.000
+0.000
+0.000
+0.050
+0.000
+0.000
+0.000
+0.000
+0.080
+0.000
+0.000
+0.000
+0.000
+0.098
+0.000
+0.000
+0.000
+0.000
+0.107
+0.000
+0.000
+0.000
+0.000
+0.106
+0.000
+0.000
+0.000
+0.000
+0.095
+0.000
+0.000
+0.000
+0.000
+0.087
+0.000
+0.000
+0.000
+0.000
+0.079
+0.000
+0.000
+0.000
+0.000
+0.067
+0.000
+0.000
+0.000
+0.000
+0.053
+0.000
+0.000
+0.000
+0.000
+0.033
+0.000
+0.000
+0.000
+0.000
+0.013
+0.000
+0.000
+0.000
+0.000
-0.000
+0.000
+0.000
+0.000
+0.000
-0.013
+0.000
+0.000
+0.000
+0.000
-0.024
+0.000
+0.000
+0.000
+0.000
-0.037
+0.000
+0.000
+0.000
+0.000
-0.044
+0.000
+0.000
+0.000
+0.000
-0.049
+0.000
+0.000
+0.000
+0.000
-0.050
+0.000
+0.000
+0.000
+0.000
-0.051
+0.000
+0.000
+0.000
+0.000
-0.026
+0.000
+0.000
+0.000
+0.000
-0.006
+0.000
+0.000
+0.000
+0.000
+0.011
+0.000
+0.000
+0.000
+0.000
+0.027
+0.000
+0.000
+0.000
+0.000
+0.041
+0.000
+0.000
+0.000
+0.000
+0.055
+0.000
+0.000
+0.000
+0.000
+0.063
+0.000
+0.000
+0.000
+0.000
+0.067
+0.000
+0.000
+0.000
+0.000
+0.067
+0.000
+0.000
+0.000
+0.000
+0.062
+0.000
+0.000
+0.000
+0.000
+0.069
+0.000
+0.000
+0.000
+0.000
+0.069
+0.000
+0.000
+0.000
+0.000
+0.069
+0.000
+0.000
+0.000
+0.000
+0.066
+0.000
+0.000
+0.000
+0.000
+0.063
+0.000
+0.000
+0.000
+0.000
+0.056
+0.000
+0.000
+0.000
+0.000
+0.045
+0.000
+0.000
+0.000
+0.000
+0.023
+0.000
+0.000
+0.000
+0.000
+0.017
+0.000
+0.000
+0.000
+0.000
+0.007
+0.000
+0.000
+0.000
+0.000
+0.001
+0.000
+0.000
+0.000
+0.000
-0.001
+0.000
+0.000
+0.000
+0.000
+0.001
+0.000
+0.000
+0.000
+0.000
+0.005
+0.000
+0.000
+0.000
+0.000
+0.009
+0.000
+0.000
+0.000
+0.000
+0.012
+0.000
+0.000
+0.000
+0.000
+0.017
+0.000
+0.000
+0.000
+0.000
+0.021
+0.000
+0.000
+0.000
+0.000
+0.026
+0.000
+0.000
+0.000
+0.000
+0.030
+0.000
+0.000
+0.000
+0.000
+0.030
+0.000
+0.000
+0.000
+0.000
+0.025
+0.000
+0.000
+0.000
+0.000
+0.020
+0.000
+0.000
+0.000
+0.000
+0.013
+0.000
+0.000
+0.000
+0.000
+0.003
+0.000
+0.000
+0.000
+0.000
-0.008
+0.000
+0.000
+0.000
+0.000
-0.013
+0.000
+0.000
+0.000
+0.000
-0.019
+0.000
+0.000
+0.000
+0.000
-0.024
+0.000
+0.000
+0.000
+0.000
-0.026
+0.000
+0.000
+0.000
+0.000
-0.028
+0.000
+0.000
+0.000
+0.000
-0.030
+0.000
+0.000
+0.000
+0.000
-0.030
+0.000
+0.000
+0.000
+0.000
-0.027
+0.000
+0.000
+0.000
+0.000
-0.020
+0.000
+0.000
+0.000
+0.000
-0.014
+0.000
+0.000
+0.000
+0.000
-0.009
+0.000
+0.000
+0.000
+0.000
-0.003
+0.000
+0.000
+0.000
+0.000
-0.001
+0.000
+0.000
+0.000
+0.000
-0.013
+0.000
+0.000
+0.000
+0.000
-0.026
+0.000
+0.000
+0.000
+0.000
-0.038
+0.000
+0.000
+0.000
+0.000
-0.041
+0.000
+0.000
+0.000
+0.000
-0.042
+0.000
+0.000
+0.000
+0.000
-0.040
+0.000
+0.000
+0.000
+0.000
-0.035
+0.000
+0.000
+0.000
+0.000
-0.031
+0.000
+0.000
+0.000
+0.000
-0.027
+0.000
+0.000
+0.000
+0.000
-0.020
+0.000
+0.000
+0.000
+0.000
-0.010
+0.000
+0.000
+0.000
+0.000
+0.005
+0.000
+0.000
+0.000
+0.000
+0.023
+0.000
+0.000
+0.000
+0.000
+0.040
+0.000
+0.000
+0.000
+0.000
+0.058
+0.000
+0.000
+0.000
+0.000
+0.065
+0.000
+0.000
+0.000
+0.000
+0.063
+0.000
+0.000
+0.000
+0.000
+0.052
+0.000
+0.000
+0.000
+0.000
+0.042
+0.000
+0.000
+0.000
+0.000
+0.032
+0.000
+0.000
+0.000
+0.000
+0.027
+0.000
+0.000
+0.000
+0.000
+0.022
+0.000
+0.000
+0.000
+0.000
+0.016
+0.000
+0.000
+0.000
+0.000
+0.006
+0.000
+0.000
+0.000
+0.000
-0.000
+0.000
+0.000
+0.000
+0.000
-0.003
+0.000
+0.000
+0.000
+0.000
-0.005
+0.000
+0.000
+0.000
+0.000
-0.004
+0.000
+0.000
+0.000
+0.000
-0.001
+0.000
+0.000
+0.000
+0.000
+0.002
+0.000
+0.000
+0.000
+0.000
+0.005
+0.000
+0.000
+0.000
+0.000
+0.010
+0.000
+0.000
+0.000
+0.000
+0.017
+0.000
+0.000
+0.000
+0.000
+0.023
+0.000
+0.000
+0.000
+0.000
+0.029
+0.000
+0.000
+0.000
+0.000
+0.036
+0.000
+0.000
+0.000
+0.000
+0.041
+0.000
+0.000
+0.000
+0.000
+0.046
+0.000
+0.000
+0.000
+0.000
+0.045
+0.000
+0.000
+0.000
+0.000
+0.045
+0.000
+0.000
+0.000
+0.000
+0.051
+0.000
+0.000
+0.000
+0.000
+0.053
+0.000
+0.000
+0.000
+0.000
+0.054
+0.000
+0.000
+0.000
+0.000
+0.053
+0.000
+0.000
+0.000
+0.000
+0.051
+0.000
+0.000
+0.000
+0.000
+0.044
+0.000
+0.000
+0.000
+0.000
+0.037
+0.000
+0.000
+0.000
+0.000
+0.032
+0.000
+0.000
+0.000
+0.000
+0.032
+0.000
+0.000
+0.000
+0.000
+0.032
+0.000
+0.000
+0.000
+0.000
+0.034
+0.000
+0.000
+0.000
+0.000
+0.040
+0.000
+0.000
+0.000
+0.000
+0.047
+0.000
+0.000
+0.000
+0.000
+0.059
+0.000
+0.000
+0.000
+0.000
+0.073
+0.000
+0.000
+0.000
+0.000
+0.087
+0.000
+0.000
+0.000
+0.000
+0.103
+0.000
+0.000
+0.000
+0.000
+0.110
+0.000
+0.000
+0.000
+0.000
+0.111
+0.000
+0.000
+0.000
+0.000
+0.108
+0.000
+0.000
+0.000
+0.000
+0.101
+0.000
+0.000
+0.000
+0.000
+0.092
+0.000
+0.000
+0.000
+0.000
+0.079
+0.000
+0.000
+0.000
+0.000
+0.056
+0.000
+0.000
+0.000
+0.000
+0.036
+0.000
+0.000
+0.000
+0.000
+0.020
+0.000
+0.000
+0.000
+0.000
+0.008
+0.000
+0.000
+0.000
+0.000
-0.001
+0.000
+0.000
+0.000
+0.000
-0.008
+0.000
+0.000
+0.000
+0.000
-0.009
+0.000
+0.000
+0.000
+0.000
-0.005
+0.000
+0.000
+0.000
+0.000
+0.001
+0.000
+0.000
+0.000
+0.000
+0.010
+0.000
+0.000
+0.000
+0.000
+0.019
+0.000
+0.000
+0.000
+0.000
+0.043
+0.000
+0.000
+0.000
+0.000
+0.057
+0.000
+0.000
+0.000
+0.000
+0.074
+0.000
+0.000
+0.000
+0.000
+0.089
+0.000
+0.000
+0.000
+0.000
+0.102
+0.000
+0.000
+0.000
+0.000
+0.111
+0.000
+0.000
+0.000
+0.000
+0.118
+0.000
+0.000
+0.000
+0.000
+0.124
+0.000
+0.000
+0.000
+0.000
+0.129
+0.000
+0.000
+0.000
+0.000
+0.130
+0.000
+0.000
+0.000
+0.000
+0.123
+0.000
+0.000
+0.000
+0.000
+0.105
+0.000
+0.000
+0.000
+0.000
+0.085
+0.000
+0.000
+0.000
+0.000
+0.072
+0.000
+0.000
+0.000
+0.000
+0.063
+0.000
+0.000
+0.000
+0.000
+0.057
+0.000
+0.000
+0.000
+0.000
+0.055
+0.000
+0.000
+0.000
+0.000
+0.056
+0.000
+0.000
+0.000
+0.000
+0.060
+0.000
+0.000
+0.000
+0.000
+0.065
+0.000
+0.000
+0.000
+0.000
+0.072
+0.000
+0.000
+0.000
+0.000
+0.080
+0.000
+0.000
+0.000
+0.000
+0.093
+0.000
+0.000
+0.000
+0.000
+0.115
+0.000
+0.000
+0.000
+0.000
+0.147
+0.000
+0.000
+0.000
+0.000
+0.172
+0.000
+0.000
+0.000
+0.000
+0.186
+0.000
+0.000
+0.000
+0.000
+0.187
+0.000
+0.000
+0.000
+0.000
+0.172
+0.000
+0.000
+0.000
+0.000
+0.150
+0.000
+0.000
+0.000
+0.000
+0.132
+0.000
+0.000
+0.000
+0.000
+0.110
+0.000
+0.000
+0.000
+0.000
+0.092
+0.000
+0.000
+0.000
+0.000
+0.074
+0.000
+0.000
+0.000
+0.000
+0.054
+0.000
+0.000
+0.000
+0.000
+0.031
+0.000
+0.000
+0.000
+0.000
+0.014
+0.000
+0.000
+0.000
+0.000
-0.003
+0.000
+0.000
+0.000
+0.000
-0.011
+0.000
+0.000
+0.000
+0.000
-0.015
+0.000
+0.000
+0.000
+0.000
-0.011
+0.000
+0.000
+0.000
+0.000
-0.004
+0.000
+0.000
+0.000
+0.000
+0.006
+0.000
+0.000
+0.000
+0.000
+0.020
+0.000
+0.000
+0.000
+0.000
+0.031
+0.000
+0.000
+0.000
+0.000
+0.041
+0.000
+0.000
+0.000
+0.000
+0.050
+0.000
+0.000
+0.000
+0.000
+0.063
+0.000
+0.000
+0.000
+0.000
+0.074
+0.000
+0.000
+0.000
+0.000
+0.083
+0.000
+0.000
+0.000
+0.000
+0.088
+0.000
+0.000
+0.000
+0.000
+0.096
+0.000
+0.000
+0.000
+0.000
+0.102
+0.000
+0.000
+0.000
+0.000
+0.094
+0.000
+0.000
+0.000
+0.000
+0.080
+0.000
+0.000
+0.000
+0.000
+0.056
+0.000
+0.000
+0.000
+0.000
+0.031
+0.000
+0.000
+0.000
+0.000
+0.009
+0.000
+0.000
+0.000
+0.000
-0.006
+0.000
+0.000
+0.000
+0.000
-0.014
+0.000
+0.000
+0.000
+0.000
-0.019
+0.000
+0.000
+0.000
+0.000
-0.020
+0.000
+0.000
+0.000
+0.000
-0.019
+0.000
+0.000
+0.000
+0.000
-0.008
+0.000
+0.000
+0.000
+0.000
+0.004
+0.000
+0.000
+0.000
+0.000
+0.015
+0.000
+0.000
+0.000
+0.000
+0.026
+0.000
+0.000
+0.000
+0.000
+0.032
+0.000
+0.000
+0.000
+0.000
+0.035
+0.000
+0.000
+0.000
+0.000
+0.031
+0.000
+0.000
+0.000
+0.000
+0.017
+0.000
+0.000
+0.000
+0.000
+0.001
+0.000
+0.000
+0.000
+0.000
-0.019
+0.000
+0.000
+0.000
+0.000
-0.035
+0.000
+0.000
+0.000
+0.000
-0.050
+0.000
+0.000
+0.000
+0.000
-0.061
+0.000
+0.000
+0.000
+0.000
-0.068
+0.000
+0.000
+0.000
+0.000
-0.073
+0.000
+0.000
+0.000
+0.000
-0.077
+0.000
+0.000
+0.000
+0.000
-0.077
+0.000
+0.000
+0.000
+0.000
-0.076
+0.000
+0.000
+0.000
+0.000
-0.076
+0.000
+0.000
+0.000
+0.000
-0.079
+0.000
+0.000
+0.000
+0.000
-0.083
+0.000
+0.000
+0.000
+0.000
-0.079
+0.000
+0.000
+0.000
+0.000
-0.073
+0.000
+0.000
+0.000
+0.000
-0.070
+0.000
+0.000
+0.000
+0.000
-0.075
+0.000
+0.000
+0.000
+0.000
-0.082
+0.000
+0.000
+0.000
+0.000
-0.080
+0.000
+0.000
+0.000
+0.000
-0.072
+0.000
+0.000
+0.000
+0.000
-0.066
+0.000
+0.000
+0.000
+0.000
-0.062
+0.000
+0.000
+0.000
+0.000
-0.058
+0.000
+0.000
+0.000
+0.000
-0.048
+0.000
+0.000
+0.000
+0.000
-0.040
+0.000
+0.000
+0.000
+0.000
-0.039
+0.000
+0.000
+0.000
+0.000
-0.038
+0.000
+0.000
+0.000
+0.000
-0.039
+0.000
+0.000
+0.000
+0.000
-0.042
+0.000
+0.000
+0.000
+0.000
-0.044
+0.000
+0.000
+0.000
+0.000
-0.042
+0.000
+0.000
+0.000
+0.000
-0.041
+0.000
+0.000
+0.000
+0.000
-0.039
+0.000
+0.000
+0.000
+0.000
-0.030
+0.000
+0.000
+0.000
+0.000
-0.019
+0.000
+0.000
+0.000
+0.000
-0.006
+0.000
+0.000
+0.000
+0.000
+0.008
+0.000
+0.000
+0.000
+0.000
+0.026
+0.000
+0.000
+0.000
+0.000
+0.040
+0.000
+0.000
+0.000
+0.000
+0.044
+0.000
+0.000
+0.000
+0.000
+0.039
+0.000
+0.000
+0.000
+0.000
+0.032
+0.000
+0.000
+0.000
+0.000
+0.020
+0.000
+0.000
+0.000
+0.000
-0.001
+0.000
+0.000
+0.000
+0.000
-0.022
+0.000
+0.000
+0.000
+0.000
-0.040
+0.000
+0.000
+0.000
+0.000
-0.056
+0.000
+0.000
+0.000
+0.000
-0.067
+0.000
+0.000
+0.000
+0.000
-0.076
+0.000
+0.000
+0.000
+0.000
-0.085
+0.000
+0.000
+0.000
+0.000
-0.089
+0.000
+0.000
+0.000
+0.000
-0.091
+0.000
+0.000
+0.000
+0.000
-0.090
+0.000
+0.000
+0.000
+0.000
-0.082
+0.000
+0.000
+0.000
+0.000
-0.074
+0.000
+0.000
+0.000
+0.000
-0.068
+0.000
+0.000
+0.000
+0.000
-0.052
+0.000
+0.000
+0.000
+0.000
-0.037
+0.000
+0.000
+0.000
+0.000
-0.027
+0.000
+0.000
+0.000
+0.000
+0.021
+0.000
+0.000
+0.000
+0.000
+0.042
+0.000
+0.000
+0.000
+0.000
+0.062
+0.000
+0.000
+0.000
+0.000
+0.077
+0.000
+0.000
+0.000
+0.000
+0.086
+0.000
+0.000
+0.000
+0.000
+0.087
+0.000
+0.000
+0.000
+0.000
+0.087
+0.000
+0.000
+0.000
+0.000
+0.085
+0.000
+0.000
+0.000
+0.000
+0.077
+0.000
+0.000
+0.000
+0.000
+0.060
+0.000
+0.000
+0.000
+0.000
+0.034
+0.000
+0.000
+0.000
+0.000
+0.006
+0.000
+0.000
+0.000
+0.000
-0.014
+0.000
+0.000
+0.000
+0.000
-0.032
+0.000
+0.000
+0.000
+0.000
-0.047
+0.000
+0.000
+0.000
+0.000
-0.056
+0.000
+0.000
+0.000
+0.000
-0.051
+0.000
+0.000
+0.000
+0.000
-0.045
+0.000
+0.000
+0.000
+0.000
-0.035
+0.000
+0.000
+0.000
+0.000
-0.021
+0.000
+0.000
+0.000
+0.000
-0.006
+0.000
+0.000
+0.000
+0.000
+0.011
+0.000
+0.000
+0.000
+0.000
+0.028
+0.000
+0.000
+0.000
+0.000
+0.042
+0.000
+0.000
+0.000
+0.000
+0.034
+0.000
+0.000
+0.000
+0.000
+0.013
+0.000
+0.000
+0.000
+0.000
-0.011
+0.000
+0.000
+0.000
+0.000
-0.034
+0.000
+0.000
+0.000
+0.000
-0.058
+0.000
+0.000
+0.000
+0.000
-0.081
+0.000
+0.000
+0.000
+0.000
-0.095
+0.000
+0.000
+0.000
+0.000
-0.110
+0.000
+0.000
+0.000
+0.000
-0.116
+0.000
+0.000
+0.000
+0.000
-0.112
+0.000
+0.000
+0.000
+0.000
-0.108
+0.000
+0.000
+0.000
+0.000
-0.103
+0.000
+0.000
+0.000
+0.000
-0.099
+0.000
+0.000
+0.000
+0.000
-0.097
+0.000
+0.000
+0.000
+0.000
-0.099
+0.000
+0.000
+0.000
+0.000
-0.104
+0.000
+0.000
+0.000
+0.000
-0.113
+0.000
+0.000
+0.000
+0.000
-0.136
+0.000
+0.000
+0.000
+0.000
-0.152
+0.000
+0.000
+0.000
+0.000
-0.146
+0.000
+0.000
+0.000
+0.000
-0.105
+0.000
+0.000
+0.000
+0.000
-0.066
+0.000
+0.000
+0.000
+0.000
-0.039
+0.000
+0.000
+0.000
+0.000
-0.020
+0.000
+0.000
+0.000
+0.000
-0.007
+0.000
+0.000
+0.000
+0.000
-0.004
+0.000
+0.000
+0.000
+0.000
-0.006
+0.000
+0.000
+0.000
+0.000
-0.012
+0.000
+0.000
+0.000
+0.000
-0.021
+0.000
+0.000
+0.000
+0.000
-0.032
+0.000
+0.000
+0.000
+0.000
-0.047
+0.000
+0.000
+0.000
+0.000
-0.060
+0.000
+0.000
+0.000
+0.000
-0.068
+0.000
+0.000
+0.000
+0.000
-0.081
+0.000
+0.000
+0.000
+0.000
-0.093
+0.000
+0.000
+0.000
+0.000
-0.105
+0.000
+0.000
+0.000
+0.000
-0.102
+0.000
+0.000
+0.000
+0.000
-0.104
+0.000
+0.000
+0.000
+0.000
-0.104
+0.000
+0.000
+0.000
+0.000
-0.106
+0.000
+0.000
+0.000
+0.000
-0.113
+0.000
+0.000
+0.000
+0.000
-0.127
+0.000
+0.000
+0.000
+0.000
-0.151
+0.000
+0.000
+0.000
+0.000
-0.197
+0.000
+0.000
+0.000
+0.000
-0.301
+0.000
+0.000
+0.000
+0.000
-0.506
+0.000
+0.000
+0.000
+0.000
-1.438
+0.000
+0.000
+0.000
+0.000
-1.623
+0.000
+0.000
+0.000
+0.000
-0.563
+0.000
+0.000
+0.000
+0.000
-0.394
+0.000
+0.000
+0.000
+0.000
-0.362
+0.000
+0.000
+0.000
+0.000
-0.361
+0.000
+0.000
+0.000
+0.000
-0.428
+0.000
+0.000
+0.000
+0.000
-0.549
+0.000
+0.000
+0.000
+0.000
-0.742
+0.000
+0.000
+0.000
+0.000
-1.370
+0.000
+0.000
+0.000
+0.000
-13.69
+0.000
+0.000
+0.000
+0.000
-0.796
+0.000
+0.000
+0.000
+0.000
-0.483
+0.000
+0.000
+0.000
+0.000
-0.385
+0.000
+0.000
+0.000
+0.000
-0.359
+0.000
+0.000
+0.000
+0.000
-0.382
+0.000
+0.000
+0.000
+0.000
-0.435
+0.000
+0.000
+0.000
+0.000
-0.502
+0.000
+0.000
+0.000
+0.000
-0.744
+0.000
+0.000
+0.000
+0.000
-2.889
+0.000
+0.000
+0.000
+0.000
-1.309
+0.000
+0.000
+0.000
+0.000
-0.454
+0.000
+0.000
+0.000
+0.000
-0.305
+0.000
+0.000
+0.000
+0.000
-0.221
+0.000
+0.000
+0.000
+0.000
-0.174
+0.000
+0.000
+0.000
+0.000
-0.150
+0.000
+0.000
+0.000
+0.000
-0.140
+0.000
+0.000
+0.000
+0.000
-0.146
+0.000
+0.000
+0.000
+0.000
-0.157
+0.000
+0.000
+0.000
+0.000
-0.161
+0.000
+0.000
+0.000
+0.000
-0.171
+0.000
+0.000
+0.000
+0.000
-0.184
+0.000
+0.000
+0.000
+0.000
-0.185
+0.000
+0.000
+0.000
+0.000
-0.126
+0.000
+0.000
+0.000
+0.000
+0.006
+0.000
+0.000
+0.000
+0.000
+0.716
+0.000
+0.000
+0.000
+0.000
+0.944
+0.000
+0.000
+0.000
+0.000
+0.647
+0.000
+0.000
+0.000
+0.000
+0.565
+0.000
+0.000
+0.000
+0.000
+0.524
+0.000
+0.000
+0.000
+0.000
+0.483
+0.000
+0.000
+0.000
+0.000
+0.437
+0.000
+0.000
+0.000
+0.000
+0.393
+0.000
+0.000
+0.000
+0.000
+0.356
+0.000
+0.000
+0.000
+0.000
+0.322
+0.000
+0.000
+0.000
+0.000
+0.287
+0.000
+0.000
+0.000
+0.000
+0.249
+0.000
+0.000
+0.000
+0.000
+0.217
+0.000
+0.000
+0.000
+0.000
+0.177
+0.000
+0.000
+0.000
+0.000
+0.148
+0.000
+0.000
+0.000
+0.000
+0.142
+0.000
+0.000
+0.000
+0.000
+0.126
+0.000
+0.000
+0.000
+0.000
+0.092
+0.000
+0.000
+0.000
+0.000
-0.015
+0.000
+0.000
+0.000
+0.000
-0.596
+0.000
+0.000
+0.000
+0.000
-1.490
+0.000
+0.000
+0.000
+0.000
-1.505
+0.000
+0.000
+0.000
+0.000
-4.969
+0.000
+0.000
+0.000
+0.000
-5.877
+0.000
+0.000
+0.000
+0.000
-1.052
+0.000
+0.000
+0.000
+0.000
-0.052
+0.000
+0.000
+0.000
+0.000
+0.140
+0.000
+0.000
+0.000
+0.000
+0.193
+0.000
+0.000
+0.000
+0.000
+0.209
+0.000
+0.000
+0.000
+0.000
+0.200
+0.000
+0.000
+0.000
+0.000
+0.179
+0.000
+0.000
+0.000
+0.000
+0.154
+0.000
+0.000
+0.000
+0.000
+0.132
+0.000
+0.000
+0.000
+0.000
+0.112
+0.000
+0.000
+0.000
+0.000
+0.093
+0.000
+0.000
+0.000
+0.000
+0.073
+0.000
+0.000
+0.000
+0.000
+0.051
+0.000
+0.000
+0.000
+0.000
+0.032
+0.000
+0.000
+0.000
+0.000
+0.063
+0.000
+0.000
+0.000
+0.000
+0.120
+0.000
+0.000
+0.000
+0.000
+0.209
+0.000
+0.000
+0.000
+0.000
+0.299
+0.000
+0.000
+0.000
+0.000
+0.361
+0.000
+0.000
+0.000
+0.000
+0.396
+0.000
+0.000
+0.000
+0.000
+0.402
+0.000
+0.000
+0.000
+0.000
+0.391
+0.000
+0.000
+0.000
+0.000
+0.360
+0.000
+0.000
+0.000
+0.000
+0.337
+0.000
+0.000
+0.000
+0.000
+0.321
+0.000
+0.000
+0.000
+0.000
+0.305
+0.000
+0.000
+0.000
+0.000
+0.290
+0.000
+0.000
+0.000
+0.000
+0.273
+0.000
+0.000
+0.000
+0.000
+0.265
+0.000
+0.000
+0.000
+0.000
+0.263
+0.000
+0.000
+0.000
+0.000
+0.260
+0.000
+0.000
+0.000
+0.000
+0.246
+0.000
+0.000
+0.000
+0.000
+0.224
+0.000
+0.000
+0.000
+0.000
+0.219
+0.000
+0.000
+0.000
+0.000
+0.232
+0.000
+0.000
+0.000
+0.000
+0.257
+0.000
+0.000
+0.000
+0.000
+0.280
+0.000
+0.000
+0.000
+0.000
+0.296
+0.000
+0.000
+0.000
+0.000
+0.310
+0.000
+0.000
+0.000
+0.000
+0.324
+0.000
+0.000
+0.000
+0.000
+0.340
+0.000
+0.000
+0.000
+0.000
+0.359
+0.000
+0.000
+0.000
+0.000
+0.387
+0.000
+0.000
+0.000
+0.000
+0.438
+0.000
+0.000
+0.000
+0.000
+0.511
+0.000
+0.000
+0.000
+0.000
+0.629
+0.000
+0.000
+0.000
+0.000
+0.822
+0.000
+0.000
+0.000
+0.000
+1.313
+0.000
+0.000
+0.000
+0.000
+2.223
+0.000
+0.000
+0.000
+0.000
+3.161
+0.000
+0.000
+0.000
+0.000
+2.847
+0.000
+0.000
+0.000
+0.000
+2.129
+0.000
+0.000
+0.000
+0.000
+1.889
+0.000
+0.000
+0.000
+0.000
+1.771
+0.000
+0.000
+0.000
+0.000
+1.270
+0.000
+0.000
+0.000
+0.000
+0.867
+0.000
+0.000
+0.000
+0.000
+0.622
+0.000
+0.000
+0.000
+0.000
+0.484
+0.000
+0.000
+0.000
+0.000
+0.418
+0.000
+0.000
+0.000
+0.000
+0.375
+0.000
+0.000
+0.000
+0.000
+0.357
+0.000
+0.000
+0.000
+0.000
+0.354
+0.000
+0.000
+0.000
+0.000
+0.362
+0.000
+0.000
+0.000
+0.000
+0.382
+0.000
+0.000
+0.000
+0.000
+0.407
+0.000
+0.000
+0.000
+0.000
+0.429
+0.000
+0.000
+0.000
+0.000
+0.449
+0.000
+0.000
+0.000
+0.000
+0.458
+0.000
+0.000
+0.000
+0.000
+0.455
+0.000
+0.000
+0.000
+0.000
+0.442
+0.000
+0.000
+0.000
+0.000
+0.424
+0.000
+0.000
+0.000
+0.000
+0.400
+0.000
+0.000
+0.000
+0.000
+0.373
+0.000
+0.000
+0.000
+0.000
+0.345
+0.000
+0.000
+0.000
+0.000
+0.327
+0.000
+0.000
+0.000
+0.000
+0.316
+0.000
+0.000
+0.000
+0.000
+0.314
+0.000
+0.000
+0.000
+0.000
+0.311
+0.000
+0.000
+0.000
+0.000
+0.313
+0.000
+0.000
+0.000
+0.000
+0.309
+0.000
+0.000
+0.000
+0.000
+0.308
+0.000
+0.000
+0.000
+0.000
+0.307
+0.000
+0.000
+0.000
+0.000
+0.310
+0.000
+0.000
+0.000
+0.000
+0.315
+0.000
+0.000
+0.000
+0.000
+0.327
+0.000
+0.000
+0.000
+0.000
+0.342
+0.000
+0.000
+0.000
+0.000
+0.355
+0.000
+0.000
+0.000
+0.000
+0.375
+0.000
+0.000
+0.000
+0.000
+0.401
+0.000
+0.000
+0.000
+0.000
+0.425
+0.000
+0.000
+0.000
+0.000
+0.448
+0.000
+0.000
+0.000
+0.000
+0.472
+0.000
+0.000
+0.000
+0.000
+0.499
+0.000
+0.000
+0.000
+0.000
+0.529
+0.000
+0.000
+0.000
+0.000
+0.544
+0.000
+0.000
+0.000
+0.000
+0.549
+0.000
+0.000
+0.000
+0.000
+0.553
+0.000
+0.000
+0.000
+0.000
+0.559
+0.000
+0.000
+0.000
+0.000
+0.570
+0.000
+0.000
+0.000
+0.000
+0.567
+0.000
+0.000
+0.000
+0.000
+0.534
+0.000
+0.000
+0.000
+0.000
+0.498
+0.000
+0.000
+0.000
+0.000
+0.481
+0.000
+0.000
+0.000
+0.000
+0.467
+0.000
+0.000
+0.000
+0.000
+0.457
+0.000
+0.000
+0.000
+0.000
+0.450
+0.000
+0.000
+0.000
+0.000
+0.443
+0.000
+0.000
+0.000
+0.000
+0.435
+0.000
+0.000
+0.000
+0.000
+0.426
+0.000
+0.000
+0.000
+0.000
+0.416
+0.000
+0.000
+0.000
+0.000
+0.410
+0.000
+0.000
+0.000
+0.000
+0.406
+0.000
+0.000
+0.000
+0.000
+0.402
+0.000
+0.000
+0.000
+0.000
+0.405
+0.000
+0.000
+0.000
+0.000
+0.423
+0.000
+0.000
+0.000
+0.000
+0.446
+0.000
+0.000
+0.000
+0.000
+0.470
+0.000
+0.000
+0.000
+0.000
+0.498
+0.000
+0.000
+0.000
+0.000
+0.532
+0.000
+0.000
+0.000
+0.000
+0.566
+0.000
+0.000
+0.000
+0.000
+0.605
+0.000
+0.000
+0.000
+0.000
+0.651
+0.000
+0.000
+0.000
+0.000
+0.686
+0.000
+0.000
+0.000
+0.000
+0.695
+0.000
+0.000
+0.000
+0.000
+0.707
+0.000
+0.000
+0.000
+0.000
+0.717
+0.000
+0.000
+0.000
+0.000
+0.720
+0.000
+0.000
+0.000
+0.000
+0.725
+0.000
+0.000
+0.000
+0.000
+0.734
+0.000
+0.000
+0.000
+0.000
+0.751
+0.000
+0.000
+0.000
+0.000
+0.735
+0.000
+0.000
+0.000
+0.000
+0.694
+0.000
+0.000
+0.000
+0.000
+0.643
+0.000
+0.000
+0.000
+0.000
+0.589
+0.000
+0.000
+0.000
+0.000
+0.562
+0.000
+0.000
+0.000
+0.000
+0.546
+0.000
+0.000
+0.000
+0.000
+0.528
+0.000
+0.000
+0.000
+0.000
+0.509
+0.000
+0.000
+0.000
+0.000
+0.502
+0.000
+0.000
+0.000
+0.000
+0.497
+0.000
+0.000
+0.000
+0.000
+0.488
+0.000
+0.000
+0.000
+0.000
+0.479
+0.000
+0.000
+0.000
+0.000
+0.473
+0.000
+0.000
+0.000
+0.000
+0.476
+0.000
+0.000
+0.000
+0.000
+0.486
+0.000
+0.000
+0.000
+0.000
+0.498
+0.000
+0.000
+0.000
+0.000
+0.513
+0.000
+0.000
+0.000
+0.000
+0.535
+0.000
+0.000
+0.000
+0.000
+0.560
+0.000
+0.000
+0.000
+0.000
+0.589
+0.000
+0.000
+0.000
+0.000
+0.622
+0.000
+0.000
+0.000
+0.000
+0.655
+0.000
+0.000
+0.000
+0.000
+0.680
+0.000
+0.000
+0.000
+0.000
+0.696
+0.000
+0.000
+0.000
+0.000
+0.704
+0.000
+0.000
+0.000
+0.000
+0.706
+0.000
+0.000
+0.000
+0.000
+0.709
+0.000
+0.000
+0.000
+0.000
+0.700
+0.000
+0.000
+0.000
+0.000
+0.675
+0.000
+0.000
+0.000
+0.000
+0.642
+0.000
+0.000
+0.000
+0.000
+0.596
+0.000
+0.000
+0.000
+0.000
+0.570
+0.000
+0.000
+0.000
+0.000
+0.560
+0.000
+0.000
+0.000
+0.000
+0.552
+0.000
+0.000
+0.000
+0.000
+0.547
+0.000
+0.000
+0.000
+0.000
+0.541
+0.000
+0.000
+0.000
+0.000
+0.538
+0.000
+0.000
+0.000
+0.000
+0.534
+0.000
+0.000
+0.000
+0.000
+0.533
+0.000
+0.000
+0.000
+0.000
+0.542
+0.000
+0.000
+0.000
+0.000
+0.557
+0.000
+0.000
+0.000
+0.000
+0.587
+0.000
+0.000
+0.000
+0.000
+0.696
+0.000
+0.000
+0.000
+0.000
+1.190
+0.000
+0.000
+0.000
+0.000
+1.072
+0.000
+0.000
+0.000
+0.000
+0.203
+0.000
+0.000
+0.000
+0.000
+0.188
+0.000
+0.000
+0.000
+0.000
+0.183
+0.000
+0.000
+0.000
+0.000
+0.301
+0.000
+0.000
+0.000
+0.000
+0.667
+0.000
+0.000
+0.000
+0.000
+1.237
+0.000
+0.000
+0.000
+0.000
+2.344
+0.000
+0.000
+0.000
+0.000
+4.152
+0.000
+0.000
+0.000
+0.000
+19.17
+0.000
+0.000
+0.000
+0.000
+5.867
+0.000
+0.000
+0.000
+0.000
+1.979
+0.000
+0.000
+0.000
+0.000
+1.436
+0.000
+0.000
+0.000
+0.000
+1.264
+0.000
+0.000
+0.000
+0.000
+1.175
+0.000
+0.000
+0.000
+0.000
+1.137
+0.000
+0.000
+0.000
+0.000
+1.111
+0.000
+0.000
+0.000
+0.000
+1.085
+0.000
+0.000
+0.000
+0.000
+1.033
+0.000
+0.000
+0.000
+0.000
+0.980
+0.000
+0.000
+0.000
+0.000
+0.933
+0.000
+0.000
+0.000
+0.000
+0.874
+0.000
+0.000
+0.000
+0.000
+0.800
+0.000
+0.000
+0.000
+0.000
+0.704
+0.000
+0.000
+0.000
+0.000
+0.615
+0.000
+0.000
+0.000
+0.000
+0.552
+0.000
+0.000
+0.000
+0.000
+0.511
+0.000
+0.000
+0.000
+0.000
+0.483
+0.000
+0.000
+0.000
+0.000
+0.475
+0.000
+0.000
+0.000
+0.000
+0.493
+0.000
+0.000
+0.000
+0.000
+0.517
+0.000
+0.000
+0.000
+0.000
+0.569
+0.000
+0.000
+0.000
+0.000
+0.642
+0.000
+0.000
+0.000
+0.000
+0.689
+0.000
+0.000
+0.000
+0.000
+0.702
+0.000
+0.000
+0.000
+0.000
+0.728
+0.000
+0.000
+0.000
+0.000
+0.747
+0.000
+0.000
+0.000
+0.000
+0.692
+0.000
+0.000
+0.000
+0.000
+0.678
+0.000
+0.000
+0.000
+0.000
+0.684
+0.000
+0.000
+0.000
+0.000
+0.700
+0.000
+0.000
+0.000
+0.000
+0.725
+0.000
+0.000
+0.000
+0.000
+0.753
+0.000
+0.000
+0.000
+0.000
+0.807
+0.000
+0.000
+0.000
+0.000
+0.876
+0.000
+0.000
+0.000
+0.000
+0.965
+0.000
+0.000
+0.000
+0.000
+0.946
+0.000
+0.000
+0.000
+0.000
+0.950
+0.000
+0.000
+0.000
+0.000
+1.120
+0.000
+0.000
+0.000
+0.000
-0.554
+0.000
+0.000
+0.000
+0.000
-0.718
+0.000
+0.000
+0.000
+0.000
-0.767
+0.000
+0.000
+0.000
+0.000
-1.006
+0.000
+0.000
+0.000
+0.000
-1.370
+0.000
+0.000
+0.000
+0.000
-1.553
+0.000
+0.000
+0.000
+0.000
-3.584
+0.000
+0.000
+0.000
+0.000
-1.433
+0.000
+0.000
+0.000
+0.000
-0.176
+0.000
+0.000
+0.000
+0.000
+0.111
+0.000
+0.000
+0.000
+0.000
+0.217
+0.000
+0.000
+0.000
+0.000
+0.273
+0.000
+0.000
+0.000
+0.000
+0.363
+0.000
+0.000
+0.000
+0.000
+0.424
+0.000
+0.000
+0.000
+0.000
+0.477
+0.000
+0.000
+0.000
+0.000
+0.553
+0.000
+0.000
+0.000
+0.000
+0.671
+0.000
+0.000
+0.000
+0.000
+0.814
+0.000
+0.000
+0.000
+0.000
+0.968
+0.000
+0.000
+0.000
+0.000
+1.204
+0.000
+0.000
+0.000
+0.000
+1.784
+0.000
+0.000
+0.000
+0.000
+5.088
+0.000
+0.000
+0.000
+0.000
+2.212
+0.000
+0.000
+0.000
+0.000
+0.491
+0.000
+0.000
+0.000
+0.000
+0.020
+0.000
+0.000
+0.000
+0.000
-0.116
+0.000
+0.000
+0.000
+0.000
-0.229
+0.000
+0.000
+0.000
+0.000
-0.323
+0.000
+0.000
+0.000
+0.000
-0.414
+0.000
+0.000
+0.000
+0.000
-0.488
+0.000
+0.000
+0.000
+0.000
-0.615
+0.000
+0.000
+0.000
+0.000
-0.809
+0.000
+0.000
+0.000
+0.000
-1.137
+0.000
+0.000
+0.000
+0.000
-1.721
+0.000
+0.000
+0.000
+0.000
-5.382
+0.000
+0.000
+0.000
+0.000
-3.899
+0.000
+0.000
+0.000
+0.000
-2.208
+0.000
+0.000
+0.000
+0.000
-1.641
+0.000
+0.000
+0.000
+0.000
-1.120
+0.000
+0.000
+0.000
+0.000
-0.678
+0.000
+0.000
+0.000
+0.000
-0.432
+0.000
+0.000
+0.000
+0.000
-0.349
+0.000
+0.000
+0.000
+0.000
-0.263
+0.000
+0.000
+0.000
+0.000
-0.209
+0.000
+0.000
+0.000
+0.000
-0.205
+0.000
+0.000
+0.000
+0.000
-0.272
+0.000
+0.000
+0.000
+0.000
-0.391
+0.000
+0.000
+0.000
+0.000
-0.661
+0.000
+0.000
+0.000
+0.000
-1.545
+0.000
+0.000
+0.000
+0.000
-2.911
+0.000
+0.000
+0.000
+0.000
-0.774
+0.000
+0.000
+0.000
+0.000
-0.479
+0.000
+0.000
+0.000
+0.000
-0.381
+0.000
+0.000
+0.000
+0.000
-0.340
+0.000
+0.000
+0.000
+0.000
-0.325
+0.000
+0.000
+0.000
+0.000
-0.346
+0.000
+0.000
+0.000
+0.000
-0.416
+0.000
+0.000
+0.000
+0.000
-0.692
+0.000
+0.000
+0.000
+0.000
-0.899
+0.000
+0.000
+0.000
+0.000
-0.064
+0.000
+0.000
+0.000
+0.000
+0.052
+0.000
+0.000
+0.000
+0.000
+0.127
+0.000
+0.000
+0.000
+0.000
+0.169
+0.000
+0.000
+0.000
+0.000
+0.185
+0.000
+0.000
+0.000
+0.000
+0.190
+0.000
+0.000
+0.000
+0.000
+0.194
+0.000
+0.000
+0.000
+0.000
+0.197
+0.000
+0.000
+0.000
+0.000
+0.189
+0.000
+0.000
+0.000
+0.000
+0.165
+0.000
+0.000
+0.000
+0.000
+0.121
+0.000
+0.000
+0.000
+0.000
+0.080
+0.000
+0.000
+0.000
+0.000
+0.037
+0.000
+0.000
+0.000
+0.000
+0.003
+0.000
+0.000
+0.000
+0.000
-0.034
+0.000
+0.000
+0.000
+0.000
-0.081
+0.000
+0.000
+0.000
+0.000
-0.120
+0.000
+0.000
+0.000
+0.000
-0.158
+0.000
+0.000
+0.000
+0.000
-0.210
+0.000
+0.000
+0.000
+0.000
-0.283
+0.000
+0.000
+0.000
+0.000
-0.366
+0.000
+0.000
+0.000
+0.000
-0.456
+0.000
+0.000
+0.000
+0.000
-0.532
+0.000
+0.000
+0.000
+0.000
-0.563
+0.000
+0.000
+0.000
+0.000
-0.528
+0.000
+0.000
+0.000
+0.000
-0.399
+0.000
+0.000
+0.000
+0.000
-0.329
+0.000
+0.000
+0.000
+0.000
-0.271
+0.000
+0.000
+0.000
+0.000
-0.214
+0.000
+0.000
+0.000
+0.000
-0.150
+0.000
+0.000
+0.000
+0.000
-0.091
+0.000
+0.000
+0.000
+0.000
-0.049
+0.000
+0.000
+0.000
+0.000
-0.017
+0.000
+0.000
+0.000
+0.000
+0.007
+0.000
+0.000
+0.000
+0.000
+0.028
+0.000
+0.000
+0.000
+0.000
+0.049
+0.000
+0.000
+0.000
+0.000
+0.067
+0.000
+0.000
+0.000
+0.000
+0.082
+0.000
+0.000
+0.000
+0.000
+0.087
+0.000
+0.000
+0.000
+0.000
+0.083
+0.000
+0.000
+0.000
+0.000
+0.067
+0.000
+0.000
+0.000
+0.000
+0.055
+0.000
+0.000
+0.000
+0.000
+0.043
+0.000
+0.000
+0.000
+0.000
+0.033
+0.000
+0.000
+0.000
+0.000
+0.024
+0.000
+0.000
+0.000
+0.000
+0.013
+0.000
+0.000
+0.000
+0.000
+0.004
+0.000
+0.000
+0.000
+0.000
-0.004
+0.000
+0.000
+0.000
+0.000
-0.011
+0.000
+0.000
+0.000
+0.000
-0.010
+0.000
+0.000
+0.000
+0.000
-0.006
+0.000
+0.000
+0.000
+0.000
+0.009
+0.000
+0.000
+0.000
+0.000
+0.023
+0.000
+0.000
+0.000
+0.000
+0.037
+0.000
+0.000
+0.000
+0.000
+0.049
+0.000
+0.000
+0.000
+0.000
+0.056
+0.000
+0.000
+0.000
+0.000
+0.069
+0.000
+0.000
+0.000
+0.000
+0.082
+0.000
+0.000
+0.000
+0.000
+0.095
+0.000
+0.000
+0.000
+0.000
+0.096
+0.000
+0.000
+0.000
+0.000
+0.088
+0.000
+0.000
+0.000
+0.000
+0.081
+0.000
+0.000
+0.000
+0.000
+0.077
+0.000
+0.000
+0.000
+0.000
+0.086
+0.000
+0.000
+0.000
+0.000
+0.091
+0.000
+0.000
+0.000
+0.000
+0.095
+0.000
+0.000
+0.000
+0.000
+0.096
+0.000
+0.000
+0.000
+0.000
+0.090
+0.000
+0.000
+0.000
+0.000
+0.083
+0.000
+0.000
+0.000
+0.000
+0.079
+0.000
+0.000
+0.000
+0.000
+0.081
+0.000
+0.000
+0.000
+0.000
+0.086
+0.000
+0.000
+0.000
+0.000
+0.091
+0.000
+0.000
+0.000
+0.000
+0.092
+0.000
+0.000
+0.000
+0.000
+0.090
+0.000
+0.000
+0.000
+0.000
+0.087
+0.000
+0.000
+0.000
+0.000
+0.084
+0.000
+0.000
+0.000
+0.000
+0.080
+0.000
+0.000
+0.000
+0.000
+0.077
+0.000
+0.000
+0.000
+0.000
+0.071
+0.000
+0.000
+0.000
+0.000
+0.064
+0.000
+0.000
+0.000
+0.000
+0.063
+0.000
+0.000
+0.000
+0.000
+0.064
+0.000
+0.000
+0.000
+0.000
+0.066
+0.000
+0.000
+0.000
+0.000
+0.073
+0.000
+0.000
+0.000
+0.000
+0.088
+0.000
+0.000
+0.000
+0.000
+0.101
+0.000
+0.000
+0.000
+0.000
+0.112
+0.000
+0.000
+0.000
+0.000
+0.114
+0.000
+0.000
+0.000
+0.000
+0.112
+0.000
+0.000
+0.000
+0.000
+0.108
+0.000
+0.000
+0.000
+0.000
+0.100
+0.000
+0.000
+0.000
+0.000
+0.089
+0.000
+0.000
+0.000
+0.000
+0.075
+0.000
+0.000
+0.000
+0.000
+0.059
+0.000
+0.000
+0.000
+0.000
+0.040
+0.000
+0.000
+0.000
+0.000
+0.032
+0.000
+0.000
+0.000
+0.000
+0.023
+0.000
+0.000
+0.000
+0.000
+0.014
+0.000
+0.000
+0.000
+0.000
+0.013
+0.000
+0.000
+0.000
+0.000
+0.017
+0.000
+0.000
+0.000
+0.000
+0.024
+0.000
+0.000
+0.000
+0.000
+0.034
+0.000
+0.000
+0.000
+0.000
+0.052
+0.000
+0.000
+0.000
+0.000
+0.071
+0.000
+0.000
+0.000
+0.000
+0.093
+0.000
+0.000
+0.000
+0.000
+0.119
+0.000
+0.000
+0.000
+0.000
+0.144
+0.000
+0.000
+0.000
+0.000
+0.165
+0.000
+0.000
+0.000
+0.000
+0.180
+0.000
+0.000
+0.000
+0.000
+0.191
+0.000
+0.000
+0.000
+0.000
+0.191
+0.000
+0.000
+0.000
+0.000
+0.181
+0.000
+0.000
+0.000
+0.000
+0.166
+0.000
+0.000
+0.000
+0.000
+0.152
+0.000
+0.000
+0.000
+0.000
+0.139
+0.000
+0.000
+0.000
+0.000
+0.129
+0.000
+0.000
+0.000
+0.000
+0.119
+0.000
+0.000
+0.000
+0.000
+0.108
+0.000
+0.000
+0.000
+0.000
+0.098
+0.000
+0.000
+0.000
+0.000
+0.089
+0.000
+0.000
+0.000
+0.000
+0.087
+0.000
+0.000
+0.000
+0.000
+0.087
+0.000
+0.000
+0.000
+0.000
+0.090
+0.000
+0.000
+0.000
+0.000
+0.097
+0.000
+0.000
+0.000
+0.000
+0.104
+0.000
+0.000
+0.000
+0.000
+0.112
+0.000
+0.000
+0.000
+0.000
+0.118
+0.000
+0.000
+0.000
+0.000
+0.130
+0.000
+0.000
+0.000
+0.000
+0.148
+0.000
+0.000
+0.000
+0.000
+0.161
+0.000
+0.000
+0.000
+0.000
+0.174
+0.000
+0.000
+0.000
+0.000
+0.188
+0.000
+0.000
+0.000
+0.000
+0.196
+0.000
+0.000
+0.000
+0.000
+0.201
+0.000
+0.000
+0.000
+0.000
+0.208
+0.000
+0.000
+0.000
+0.000
+0.213
+0.000
+0.000
+0.000
+0.000
+0.219
+0.000
+0.000
+0.000
+0.000
+0.222
+0.000
+0.000
+0.000
+0.000
+0.223
+0.000
+0.000
+0.000
+0.000
+0.223
+0.000
+0.000
+0.000
+0.000
+0.221
+0.000
+0.000
+0.000
+0.000
+0.219
+0.000
+0.000
+0.000
+0.000
+0.211
+0.000
+0.000
+0.000
+0.000
+0.200
+0.000
+0.000
+0.000
+0.000
+0.191
+0.000
+0.000
+0.000
+0.000
+0.178
+0.000
+0.000
+0.000
+0.000
+0.162
+0.000
+0.000
+0.000
+0.000
+0.151
+0.000
+0.000
+0.000
+0.000
+0.155
+0.000
+0.000
+0.000
+0.000
+0.155
+0.000
+0.000
+0.000
+0.000
+0.162
+0.000
+0.000
+0.000
+0.000
+0.167
+0.000
+0.000
+0.000
+0.000
+0.169
+0.000
+0.000
+0.000
+0.000
+0.168
+0.000
+0.000
+0.000
+0.000
+0.171
+0.000
+0.000
+0.000
+0.000
+0.173
+0.000
+0.000
+0.000
+0.000
+0.172
+0.000
+0.000
+0.000
+0.000
+0.168
+0.000
+0.000
+0.000
+0.000
+0.170
+0.000
+0.000
+0.000
+0.000
+0.169
+0.000
+0.000
+0.000
+0.000
+0.167
+0.000
+0.000
+0.000
+0.000
+0.168
+0.000
+0.000
+0.000
+0.000
+0.169
+0.000
+0.000
+0.000
+0.000
+0.167
+0.000
+0.000
+0.000
+0.000
+0.159
+0.000
+0.000
+0.000
+0.000
+0.147
+0.000
+0.000
+0.000
+0.000
+0.137
+0.000
+0.000
+0.000
+0.000
+0.124
+0.000
+0.000
+0.000
+0.000
+0.113
+0.000
+0.000
+0.000
+0.000
+0.115
+0.000
+0.000
+0.000
+0.000
+0.122
+0.000
+0.000
+0.000
+0.000
+0.130
+0.000
+0.000
+0.000
+0.000
+0.142
+0.000
+0.000
+0.000
+0.000
+0.157
+0.000
+0.000
+0.000
+0.000
+0.174
+0.000
+0.000
+0.000
+0.000
+0.200
+0.000
+0.000
+0.000
+0.000
+0.234
+0.000
+0.000
+0.000
+0.000
+0.269
+0.000
+0.000
+0.000
+0.000
+0.306
+0.000
+0.000
+0.000
+0.000
+0.333
+0.000
+0.000
+0.000
+0.000
+0.335
+0.000
+0.000
+0.000
+0.000
+0.320
+0.000
+0.000
+0.000
+0.000
+0.299
+0.000
+0.000
+0.000
+0.000
+0.276
+0.000
+0.000
+0.000
+0.000
+0.252
+0.000
+0.000
+0.000
+0.000
+0.236
+0.000
+0.000
+0.000
+0.000
+0.221
+0.000
+0.000
+0.000
+0.000
+0.216
+0.000
+0.000
+0.000
+0.000
+0.217
+0.000
+0.000
+0.000
+0.000
+0.219
+0.000
+0.000
+0.000
+0.000
+0.226
+0.000
+0.000
+0.000
+0.000
+0.239
+0.000
+0.000
+0.000
+0.000
+0.258
+0.000
+0.000
+0.000
+0.000
+0.273
+0.000
+0.000
+0.000
+0.000
+0.280
+0.000
+0.000
+0.000
+0.000
+0.277
+0.000
+0.000
+0.000
+0.000
+0.269
+0.000
+0.000
+0.000
+0.000
+0.262
+0.000
+0.000
+0.000
+0.000
+0.259
+0.000
+0.000
+0.000
+0.000
+0.261
+0.000
+0.000
+0.000
+0.000
+0.265
+0.000
+0.000
+0.000
+0.000
+0.271
+0.000
+0.000
+0.000
+0.000
+0.278
+0.000
+0.000
+0.000
+0.000
+0.286
+0.000
+0.000
+0.000
+0.000
+0.296
+0.000
+0.000
+0.000
+0.000
+0.307
+0.000
+0.000
+0.000
+0.000
+0.323
+0.000
+0.000
+0.000
+0.000
+0.343
+0.000
+0.000
+0.000
+0.000
+0.361
+0.000
+0.000
+0.000
+0.000
+0.376
+0.000
+0.000
+0.000
+0.000
+0.393
+0.000
+0.000
+0.000
+0.000
+0.412
+0.000
+0.000
+0.000
+0.000
+0.423
+0.000
+0.000
+0.000
+0.000
+0.431
+0.000
+0.000
+0.000
+0.000
+0.449
+0.000
+0.000
+0.000
+0.000
+0.477
+0.000
+0.000
+0.000
+0.000
+0.525
+0.000
+0.000
+0.000
+0.000
+0.621
+0.000
+0.000
+0.000
+0.000
+0.790
+0.000
+0.000
+0.000
+0.000
+1.046
+0.000
+0.000
+0.000
+0.000
+1.015
+0.000
+0.000
+0.000
+0.000
+0.635
+0.000
+0.000
+0.000
+0.000
+0.475
+0.000
+0.000
+0.000
+0.000
+0.408
+0.000
+0.000
+0.000
+0.000
+0.375
+0.000
+0.000
+0.000
+0.000
+0.355
+0.000
+0.000
+0.000
+0.000
+0.345
+0.000
+0.000
+0.000
+0.000
+0.342
+0.000
+0.000
+0.000
+0.000
+0.342
+0.000
+0.000
+0.000
+0.000
+0.342
+0.000
+0.000
+0.000
+0.000
+0.342
+0.000
+0.000
+0.000
+0.000
+0.341
+0.000
+0.000
+0.000
+0.000
+0.338
+0.000
+0.000
+0.000
+0.000
+0.339
+0.000
+0.000
+0.000
+0.000
+0.339
+0.000
+0.000
+0.000
+0.000
+0.335
+0.000
+0.000
+0.000
+0.000
+0.333
+0.000
+0.000
+0.000
+0.000
+0.337
+0.000
+0.000
+0.000
+0.000
+0.344
+0.000
+0.000
+0.000
+0.000
+0.353
+0.000
+0.000
+0.000
+0.000
+0.361
+0.000
+0.000
+0.000
+0.000
+0.375
+0.000
+0.000
+0.000
+0.000
+0.394
+0.000
+0.000
+0.000
+0.000
+0.415
+0.000
+0.000
+0.000
+0.000
+0.430
+0.000
+0.000
+0.000
+0.000
+0.420
+0.000
+0.000
+0.000
+0.000
+0.389
+0.000
+0.000
+0.000
+0.000
+0.364
+0.000
+0.000
+0.000
+0.000
+0.342
+0.000
+0.000
+0.000
+0.000
+0.325
+0.000
+0.000
+0.000
+0.000
+0.309
+0.000
+0.000
+0.000
+0.000
+0.291
+0.000
+0.000
+0.000
+0.000
+0.270
+0.000
+0.000
+0.000
+0.000
+0.262
+0.000
+0.000
+0.000
+0.000
+0.288
+0.000
+0.000
+0.000
+0.000
+0.329
+0.000
+0.000
+0.000
+0.000
+0.416
+0.000
+0.000
+0.000
+0.000
+1.014
+0.000
+0.000
+0.000
+0.000
+0.685
+0.000
+0.000
+0.000
+0.000
+1.418
+0.000
+0.000
+0.000
+0.000
+0.411
+0.000
+0.000
+0.000
+0.000
+0.367
+0.000
+0.000
+0.000
+0.000
+0.360
+0.000
+0.000
+0.000
+0.000
+0.360
+0.000
+0.000
+0.000
+0.000
+0.363
+0.000
+0.000
+0.000
+0.000
+0.374
+0.000
+0.000
+0.000
+0.000
+0.389
+0.000
+0.000
+0.000
+0.000
+0.412
+0.000
+0.000
+0.000
+0.000
+0.449
+0.000
+0.000
+0.000
+0.000
+0.494
+0.000
+0.000
+0.000
+0.000
+0.549
+0.000
+0.000
+0.000
+0.000
+0.635
+0.000
+0.000
+0.000
+0.000
+0.787
+0.000
+0.000
+0.000
+0.000
+1.093
+0.000
+0.000
+0.000
+0.000
+1.510
+0.000
+0.000
+0.000
+0.000
+1.452
+0.000
+0.000
+0.000
+0.000
+1.331
+0.000
+0.000
+0.000
+0.000
+1.435
+0.000
+0.000
+0.000
+0.000
+1.843
+0.000
+0.000
+0.000
+0.000
+2.860
+0.000
+0.000
+0.000
+0.000
+3.933
+0.000
+0.000
+0.000
+0.000
+2.347
+0.000
+0.000
+0.000
+0.000
+1.737
+0.000
+0.000
+0.000
+0.000
+1.258
+0.000
+0.000
+0.000
+0.000
+0.962
+0.000
+0.000
+0.000
+0.000
+0.783
+0.000
+0.000
+0.000
+0.000
+0.661
+0.000
+0.000
+0.000
+0.000
+0.583
+0.000
+0.000
+0.000
+0.000
+0.531
+0.000
+0.000
+0.000
+0.000
+0.500
+0.000
+0.000
+0.000
+0.000
+0.476
+0.000
+0.000
+0.000
+0.000
+0.459
+0.000
+0.000
+0.000
+0.000
+0.441
+0.000
+0.000
+0.000
+0.000
+0.431
+0.000
+0.000
+0.000
+0.000
+0.421
+0.000
+0.000
+0.000
+0.000
+0.412
+0.000
+0.000
+0.000
+0.000
+0.406
+0.000
+0.000
+0.000
+0.000
+0.397
+0.000
+0.000
+0.000
+0.000
+0.385
+0.000
+0.000
+0.000
+0.000
+0.375
+0.000
+0.000
+0.000
+0.000
+0.366
+0.000
+0.000
+0.000
+0.000
+0.354
+0.000
+0.000
+0.000
+0.000
+0.346
+0.000
+0.000
+0.000
+0.000
+0.343
+0.000
+0.000
+0.000
+0.000
+0.342
+0.000
+0.000
+0.000
+0.000
+0.344
+0.000
+0.000
+0.000
+0.000
+0.348
+0.000
+0.000
+0.000
+0.000
+0.353
+0.000
+0.000
+0.000
+0.000
+0.364
+0.000
+0.000
+0.000
+0.000
+0.378
+0.000
+0.000
+0.000
+0.000
+0.389
+0.000
+0.000
+0.000
+0.000
+0.401
+0.000
+0.000
+0.000
+0.000
+0.425
+0.000
+0.000
+0.000
+0.000
+0.474
+0.000
+0.000
+0.000
+0.000
+0.554
+0.000
+0.000
+0.000
+0.000
+0.616
+0.000
+0.000
+0.000
+0.000
+0.648
+0.000
+0.000
+0.000
+0.000
+0.682
+0.000
+0.000
+0.000
+0.000
+0.749
+0.000
+0.000
+0.000
+0.000
+0.865
+0.000
+0.000
+0.000
+0.000
+0.653
+0.000
+0.000
+0.000
+0.000
+0.542
+0.000
+0.000
+0.000
+0.000
+0.434
+0.000
+0.000
+0.000
+0.000
+0.361
+0.000
+0.000
+0.000
+0.000
+0.297
+0.000
+0.000
+0.000
+0.000
+0.247
+0.000
+0.000
+0.000
+0.000
+0.209
+0.000
+0.000
+0.000
+0.000
+0.195
+0.000
+0.000
+0.000
+0.000
+0.189
+0.000
+0.000
+0.000
+0.000
+0.183
+0.000
+0.000
+0.000
+0.000
+0.202
+0.000
+0.000
+0.000
+0.000
+0.233
+0.000
+0.000
+0.000
+0.000
+0.261
+0.000
+0.000
+0.000
+0.000
+0.291
+0.000
+0.000
+0.000
+0.000
+0.317
+0.000
+0.000
+0.000
+0.000
+0.327
+0.000
+0.000
+0.000
+0.000
+0.328
+0.000
+0.000
+0.000
+0.000
+0.337
+0.000
+0.000
+0.000
+0.000
+0.348
+0.000
+0.000
+0.000
+0.000
+0.348
+0.000
+0.000
+0.000
+0.000
+0.347
+0.000
+0.000
+0.000
+0.000
+0.337
+0.000
+0.000
+0.000
+0.000
+0.328
+0.000
+0.000
+0.000
+0.000
+0.320
+0.000
+0.000
+0.000
+0.000
+0.314
+0.000
+0.000
+0.000
+0.000
+0.310
+0.000
+0.000
+0.000
+0.000
+0.307
+0.000
+0.000
+0.000
+0.000
+0.297
+0.000
+0.000
+0.000
+0.000
+0.283
+0.000
+0.000
+0.000
+0.000
+0.268
+0.000
+0.000
+0.000
+0.000
+0.254
+0.000
+0.000
+0.000
+0.000
+0.262
+0.000
+0.000
+0.000
+0.000
+0.282
+0.000
+0.000
+0.000
+0.000
+0.303
+0.000
+0.000
+0.000
+0.000
+0.321
+0.000
+0.000
+0.000
+0.000
+0.332
+0.000
+0.000
+0.000
+0.000
+0.336
+0.000
+0.000
+0.000
+0.000
+0.332
+0.000
+0.000
+0.000
+0.000
+0.331
+0.000
+0.000
+0.000
+0.000
+0.327
+0.000
+0.000
+0.000
+0.000
+0.326
+0.000
+0.000
+0.000
+0.000
+0.327
+0.000
+0.000
+0.000
+0.000
+0.326
+0.000
+0.000
+0.000
+0.000
+0.315
+0.000
+0.000
+0.000
+0.000
+0.306
+0.000
+0.000
+0.000
+0.000
+0.298
+0.000
+0.000
+0.000
+0.000
+0.287
+0.000
+0.000
+0.000
+0.000
+0.275
+0.000
+0.000
+0.000
+0.000
+0.257
+0.000
+0.000
+0.000
+0.000
+0.231
+0.000
+0.000
+0.000
+0.000
+0.196
+0.000
+0.000
+0.000
+0.000
+0.168
+0.000
+0.000
+0.000
+0.000
+0.139
+0.000
+0.000
+0.000
+0.000
+0.144
+0.000
+0.000
+0.000
+0.000
+0.163
+0.000
+0.000
+0.000
+0.000
+0.176
+0.000
+0.000
+0.000
+0.000
+0.188
+0.000
+0.000
+0.000
+0.000
+0.198
+0.000
+0.000
+0.000
+0.000
+0.204
+0.000
+0.000
+0.000
+0.000
+0.211
+0.000
+0.000
+0.000
+0.000
+0.212
+0.000
+0.000
+0.000
+0.000
+0.211
+0.000
+0.000
+0.000
+0.000
+0.209
+0.000
+0.000
+0.000
+0.000
+0.210
+0.000
+0.000
+0.000
+0.000
+0.214
+0.000
+0.000
+0.000
+0.000
+0.222
+0.000
+0.000
+0.000
+0.000
+0.231
+0.000
+0.000
+0.000
+0.000
+0.227
+0.000
+0.000
+0.000
+0.000
+0.220
+0.000
+0.000
+0.000
+0.000
+0.215
+0.000
+0.000
+0.000
+0.000
+0.201
+0.000
+0.000
+0.000
+0.000
+0.162
+0.000
+0.000
+0.000
+0.000
+0.108
+0.000
+0.000
+0.000
+0.000
+0.069
+0.000
+0.000
+0.000
+0.000
+0.088
+0.000
+0.000
+0.000
+0.000
+0.111
+0.000
+0.000
+0.000
+0.000
+0.130
+0.000
+0.000
+0.000
+0.000
+0.149
+0.000
+0.000
+0.000
+0.000
+0.166
+0.000
+0.000
+0.000
+0.000
+0.180
+0.000
+0.000
+0.000
+0.000
+0.190
+0.000
+0.000
+0.000
+0.000
+0.190
+0.000
+0.000
+0.000
+0.000
+0.182
+0.000
+0.000
+0.000
+0.000
+0.172
+0.000
+0.000
+0.000
+0.000
+0.162
+0.000
+0.000
+0.000
+0.000
+0.149
+0.000
+0.000
+0.000
+0.000
+0.132
+0.000
+0.000
+0.000
+0.000
+0.124
+0.000
+0.000
+0.000
+0.000
+0.122
+0.000
+0.000
+0.000
+0.000
+0.129
+0.000
+0.000
+0.000
+0.000
+0.139
+0.000
+0.000
+0.000
+0.000
+0.148
+0.000
+0.000
+0.000
+0.000
+0.157
+0.000
+0.000
+0.000
+0.000
+0.176
+0.000
+0.000
+0.000
+0.000
+0.198
+0.000
+0.000
+0.000
+0.000
+0.217
+0.000
+0.000
+0.000
+0.000
+0.220
+0.000
+0.000
+0.000
+0.000
+0.218
+0.000
+0.000
+0.000
+0.000
+0.218
+0.000
+0.000
+0.000
+0.000
+0.219
+0.000
+0.000
+0.000
+0.000
+0.223
+0.000
+0.000
+0.000
+0.000
+0.231
+0.000
+0.000
+0.000
+0.000
+0.246
+0.000
+0.000
+0.000
+0.000
+0.276
+0.000
+0.000
+0.000
+0.000
+0.307
+0.000
+0.000
+0.000
+0.000
+0.329
+0.000
+0.000
+0.000
+0.000
+0.300
+0.000
+0.000
+0.000
+0.000
+0.266
+0.000
+0.000
+0.000
+0.000
+0.259
+0.000
+0.000
+0.000
+0.000
+0.247
+0.000
+0.000
+0.000
+0.000
+0.247
+0.000
+0.000
+0.000
+0.000
+0.243
+0.000
+0.000
+0.000
+0.000
+0.238
+0.000
+0.000
+0.000
+0.000
+0.229
+0.000
+0.000
+0.000
+0.000
+0.221
+0.000
+0.000
+0.000
+0.000
+0.212
+0.000
+0.000
+0.000
+0.000
+0.205
+0.000
+0.000
+0.000
+0.000
+0.200
+0.000
+0.000
+0.000
+0.000
+0.195
+0.000
+0.000
+0.000
+0.000
+0.193
+0.000
+0.000
+0.000
+0.000
+0.215
+0.000
+0.000
+0.000
+0.000
+0.233
+0.000
+0.000
+0.000
+0.000
+0.233
+0.000
+0.000
+0.000
+0.000
+0.205
+0.000
+0.000
+0.000
+0.000
+0.156
+0.000
+0.000
+0.000
+0.000
+0.130
+0.000
+0.000
+0.000
+0.000
+0.114
+0.000
+0.000
+0.000
+0.000
+0.094
+0.000
+0.000
+0.000
+0.000
+0.075
+0.000
+0.000
+0.000
+0.000
+0.066
+0.000
+0.000
+0.000
+0.000
+0.059
+0.000
+0.000
+0.000
+0.000
+0.056
+0.000
+0.000
+0.000
+0.000
+0.055
+0.000
+0.000
+0.000
+0.000
+0.059
+0.000
+0.000
+0.000
+0.000
+0.068
+0.000
+0.000
+0.000
+0.000
+0.086
+0.000
+0.000
+0.000
+0.000
+0.108
+0.000
+0.000
+0.000
+0.000
+0.136
+0.000
+0.000
+0.000
+0.000
+0.160
+0.000
+0.000
+0.000
+0.000
+0.180
+0.000
+0.000
+0.000
+0.000
+0.193
+0.000
+0.000
+0.000
+0.000
+0.202
+0.000
+0.000
+0.000
+0.000
+0.208
+0.000
+0.000
+0.000
+0.000
+0.210
+0.000
+0.000
+0.000
+0.000
+0.213
+0.000
+0.000
+0.000
+0.000
+0.215
+0.000
+0.000
+0.000
+0.000
+0.211
+0.000
+0.000
+0.000
+0.000
+0.204
+0.000
+0.000
+0.000
+0.000
+0.196
+0.000
+0.000
+0.000
+0.000
+0.192
+0.000
+0.000
+0.000
+0.000
+0.190
+0.000
+0.000
+0.000
+0.000
+0.194
+0.000
+0.000
+0.000
+0.000
+0.206
+0.000
+0.000
+0.000
+0.000
+0.213
+0.000
+0.000
+0.000
+0.000
+0.229
+0.000
+0.000
+0.000
+0.000
+0.266
+0.000
+0.000
+0.000
+0.000
+0.289
+0.000
+0.000
+0.000
+0.000
+0.289
+0.000
+0.000
+0.000
+0.000
+0.274
+0.000
+0.000
+0.000
+0.000
+0.252
+0.000
+0.000
+0.000
+0.000
+0.234
+0.000
+0.000
+0.000
+0.000
+0.214
+0.000
+0.000
+0.000
+0.000
+0.181
+0.000
+0.000
+0.000
+0.000
+0.145
+0.000
+0.000
+0.000
+0.000
+0.122
+0.000
+0.000
+0.000
+0.000
+0.113
+0.000
+0.000
+0.000
+0.000
+0.112
+0.000
+0.000
+0.000
+0.000
+0.119
+0.000
+0.000
+0.000
+0.000
+0.126
+0.000
+0.000
+0.000
+0.000
+0.134
+0.000
+0.000
+0.000
+0.000
+0.149
+0.000
+0.000
+0.000
+0.000
+0.166
+0.000
+0.000
+0.000
+0.000
+0.177
+0.000
+0.000
+0.000
+0.000
+0.186
+0.000
+0.000
+0.000
+0.000
+0.193
+0.000
+0.000
+0.000
+0.000
+0.197
+0.000
+0.000
+0.000
+0.000
+0.196
+0.000
+0.000
+0.000
+0.000
+0.205
+0.000
+0.000
+0.000
+0.000
+0.214
+0.000
+0.000
+0.000
+0.000
+0.233
+0.000
+0.000
+0.000
+0.000
+0.253
+0.000
+0.000
+0.000
+0.000
+0.272
+0.000
+0.000
+0.000
+0.000
+0.291
+0.000
+0.000
+0.000
+0.000
+0.311
+0.000
+0.000
+0.000
+0.000
+0.329
+0.000
+0.000
+0.000
+0.000
+0.346
+0.000
+0.000
+0.000
+0.000
+0.355
+0.000
+0.000
+0.000
+0.000
+0.355
+0.000
+0.000
+0.000
+0.000
+0.336
+0.000
+0.000
+0.000
+0.000
+0.301
+0.000
+0.000
+0.000
+0.000
+0.260
+0.000
+0.000
+0.000
+0.000
+0.222
+0.000
+0.000
+0.000
+0.000
+0.184
+0.000
+0.000
+0.000
+0.000
+0.157
+0.000
+0.000
+0.000
+0.000
+0.145
+0.000
+0.000
+0.000
+0.000
+0.135
+0.000
+0.000
+0.000
+0.000
+0.134
+0.000
+0.000
+0.000
+0.000
+0.142
+0.000
+0.000
+0.000
+0.000
+0.156
+0.000
+0.000
+0.000
+0.000
+0.170
+0.000
+0.000
+0.000
+0.000
+0.178
+0.000
+0.000
+0.000
+0.000
+0.179
+0.000
+0.000
+0.000
+0.000
+0.177
+0.000
+0.000
+0.000
+0.000
+0.175
+0.000
+0.000
+0.000
+0.000
+0.173
+0.000
+0.000
+0.000
+0.000
+0.180
+0.000
+0.000
+0.000
+0.000
+0.187
+0.000
+0.000
+0.000
+0.000
+0.192
+0.000
+0.000
+0.000
+0.000
+0.196
+0.000
+0.000
+0.000
+0.000
+0.200
+0.000
+0.000
+0.000
+0.000
+0.204
+0.000
+0.000
+0.000
+0.000
+0.206
+0.000
+0.000
+0.000
+0.000
+0.220
+0.000
+0.000
+0.000
+0.000
+0.236
+0.000
+0.000
+0.000
+0.000
+0.255
+0.000
+0.000
+0.000
+0.000
+0.271
+0.000
+0.000
+0.000
+0.000
+0.274
+0.000
+0.000
+0.000
+0.000
+0.272
+0.000
+0.000
+0.000
+0.000
+0.276
+0.000
+0.000
+0.000
+0.000
+0.278
+0.000
+0.000
+0.000
+0.000
+0.283
+0.000
+0.000
+0.000
+0.000
+0.286
+0.000
+0.000
+0.000
+0.000
+0.284
+0.000
+0.000
+0.000
+0.000
+0.282
+0.000
+0.000
+0.000
+0.000
+0.277
+0.000
+0.000
+0.000
+0.000
+0.269
+0.000
+0.000
+0.000
+0.000
+0.262
+0.000
+0.000
+0.000
+0.000
+0.249
+0.000
+0.000
+0.000
+0.000
+0.240
+0.000
+0.000
+0.000
+0.000
+0.241
+0.000
+0.000
+0.000
+0.000
+0.231
+0.000
+0.000
+0.000
+0.000
+0.223
+0.000
+0.000
+0.000
+0.000
+0.230
+0.000
+0.000
+0.000
+0.000
+0.279
+0.000
+0.000
+0.000
+0.000
+0.296
+0.000
+0.000
+0.000
+0.000
+0.938
+0.000
+0.000
+0.000
+0.000
+1.295
+0.000
+0.000
+0.000
+0.000
+0.716
+0.000
+0.000
+0.000
+0.000
+0.561
+0.000
+0.000
+0.000
+0.000
+0.487
+0.000
+0.000
+0.000
+0.000
+0.424
+0.000
+0.000
+0.000
+0.000
+0.373
+0.000
+0.000
+0.000
+0.000
+0.353
+0.000
+0.000
+0.000
+0.000
+0.343
+0.000
+0.000
+0.000
+0.000
+0.326
+0.000
+0.000
+0.000
+0.000
+0.317
+0.000
+0.000
+0.000
+0.000
+0.310
+0.000
+0.000
+0.000
+0.000
+0.305
+0.000
+0.000
+0.000
+0.000
+0.282
+0.000
+0.000
+0.000
+0.000
+0.265
+0.000
+0.000
+0.000
+0.000
+0.249
+0.000
+0.000
+0.000
+0.000
+0.229
+0.000
+0.000
+0.000
+0.000
+0.213
+0.000
+0.000
+0.000
+0.000
+0.208
+0.000
+0.000
+0.000
+0.000
+0.208
+0.000
+0.000
+0.000
+0.000
+0.212
+0.000
+0.000
+0.000
+0.000
+0.219
+0.000
+0.000
+0.000
+0.000
+0.229
+0.000
+0.000
+0.000
+0.000
+0.239
+0.000
+0.000
+0.000
+0.000
+0.253
+0.000
+0.000
+0.000
+0.000
+0.271
+0.000
+0.000
+0.000
+0.000
+0.293
+0.000
+0.000
+0.000
+0.000
+0.329
+0.000
+0.000
+0.000
+0.000
+0.388
+0.000
+0.000
+0.000
+0.000
+0.424
+0.000
+0.000
+0.000
+0.000
+0.456
+0.000
+0.000
+0.000
+0.000
+0.520
+0.000
+0.000
+0.000
+0.000
+0.557
+0.000
+0.000
+0.000
+0.000
+0.426
+0.000
+0.000
+0.000
+0.000
+0.334
+0.000
+0.000
+0.000
+0.000
+0.284
+0.000
+0.000
+0.000
+0.000
+0.254
+0.000
+0.000
+0.000
+0.000
+0.252
+0.000
+0.000
+0.000
+0.000
+0.384
+0.000
+0.000
+0.000
+0.000
+3.488
+0.000
+0.000
+0.000
+0.000
+0.803
+0.000
+0.000
+0.000
+0.000
+0.417
+0.000
+0.000
+0.000
+0.000
+0.339
+0.000
+0.000
+0.000
+0.000
+0.382
+0.000
+0.000
+0.000
+0.000
+0.564
+0.000
+0.000
+0.000
+0.000
+0.947
+0.000
+0.000
+0.000
+0.000
+2.955
+0.000
+0.000
+0.000
+0.000
+4.450
+0.000
+0.000
+0.000
+0.000
+1.011
+0.000
+0.000
+0.000
+0.000
+0.458
+0.000
+0.000
+0.000
+0.000
+0.269
+0.000
+0.000
+0.000
+0.000
+0.193
+0.000
+0.000
+0.000
+0.000
+0.183
+0.000
+0.000
+0.000
+0.000
+0.180
+0.000
+0.000
+0.000
+0.000
+0.180
+0.000
+0.000
+0.000
+0.000
+0.180
+0.000
+0.000
+0.000
+0.000
+0.179
+0.000
+0.000
+0.000
+0.000
+0.176
+0.000
+0.000
+0.000
+0.000
+0.172
+0.000
+0.000
+0.000
+0.000
+0.167
+0.000
+0.000
+0.000
+0.000
+0.162
+0.000
+0.000
+0.000
+0.000
+0.156
+0.000
+0.000
+0.000
+0.000
+0.152
+0.000
+0.000
+0.000
+0.000
+0.145
+0.000
+0.000
+0.000
+0.000
+0.133
+0.000
+0.000
+0.000
+0.000
+0.119
+0.000
+0.000
+0.000
+0.000
+0.108
+0.000
+0.000
+0.000
+0.000
+0.084
+0.000
+0.000
+0.000
+0.000
+0.034
+0.000
+0.000
+0.000
+0.000
+0.028
+0.000
+0.000
+0.000
+0.000
+0.107
+0.000
+0.000
+0.000
+0.000
+0.155
+0.000
+0.000
+0.000
+0.000
+0.184
+0.000
+0.000
+0.000
+0.000
+0.212
+0.000
+0.000
+0.000
+0.000
+0.244
+0.000
+0.000
+0.000
+0.000
+0.284
+0.000
+0.000
+0.000
+0.000
+0.322
+0.000
+0.000
+0.000
+0.000
+0.340
+0.000
+0.000
+0.000
+0.000
+0.325
+0.000
+0.000
+0.000
+0.000
+0.314
+0.000
+0.000
+0.000
+0.000
+0.307
+0.000
+0.000
+0.000
+0.000
+0.318
+0.000
+0.000
+0.000
+0.000
+0.335
+0.000
+0.000
+0.000
+0.000
+0.348
+0.000
+0.000
+0.000
+0.000
+0.361
+0.000
+0.000
+0.000
+0.000
+0.372
+0.000
+0.000
+0.000
+0.000
+0.387
+0.000
+0.000
+0.000
+0.000
+0.406
+0.000
+0.000
+0.000
+0.000
+0.427
+0.000
+0.000
+0.000
+0.000
+0.445
+0.000
+0.000
+0.000
+0.000
+0.431
+0.000
+0.000
+0.000
+0.000
+0.408
+0.000
+0.000
+0.000
+0.000
+0.373
+0.000
+0.000
+0.000
+0.000
+0.325
+0.000
+0.000
+0.000
+0.000
+0.267
+0.000
+0.000
+0.000
+0.000
+0.196
+0.000
+0.000
+0.000
+0.000
+0.139
+0.000
+0.000
+0.000
+0.000
+0.092
+0.000
+0.000
+0.000
+0.000
+0.061
+0.000
+0.000
+0.000
+0.000
+0.051
+0.000
+0.000
+0.000
+0.000
+0.059
+0.000
+0.000
+0.000
+0.000
+0.066
+0.000
+0.000
+0.000
+0.000
+0.076
+0.000
+0.000
+0.000
+0.000
+0.083
+0.000
+0.000
+0.000
+0.000
+0.093
+0.000
+0.000
+0.000
+0.000
+0.103
+0.000
+0.000
+0.000
+0.000
+0.112
+0.000
+0.000
+0.000
+0.000
+0.126
+0.000
+0.000
+0.000
+0.000
+0.139
+0.000
+0.000
+0.000
+0.000
+0.146
+0.000
+0.000
+0.000
+0.000
+0.149
+0.000
+0.000
+0.000
+0.000
+0.153
+0.000
+0.000
+0.000
+0.000
+0.152
+0.000
+0.000
+0.000
+0.000
+0.154
+0.000
+0.000
+0.000
+0.000
+0.159
+0.000
+0.000
+0.000
+0.000
+0.164
+0.000
+0.000
+0.000
+0.000
+0.173
+0.000
+0.000
+0.000
+0.000
+0.183
+0.000
+0.000
+0.000
+0.000
+0.189
+0.000
+0.000
+0.000
+0.000
+0.196
+0.000
+0.000
+0.000
+0.000
+0.196
+0.000
+0.000
+0.000
+0.000
+0.185
+0.000
+0.000
+0.000
+0.000
+0.162
+0.000
+0.000
+0.000
+0.000
+0.132
+0.000
+0.000
+0.000
+0.000
+0.102
+0.000
+0.000
+0.000
+0.000
+0.074
+0.000
+0.000
+0.000
+0.000
+0.047
+0.000
+0.000
+0.000
+0.000
+0.028
+0.000
+0.000
+0.000
+0.000
+0.020
+0.000
+0.000
+0.000
+0.000
+0.021
+0.000
+0.000
+0.000
+0.000
+0.021
+0.000
+0.000
+0.000
+0.000
+0.022
+0.000
+0.000
+0.000
+0.000
+0.022
+0.000
+0.000
+0.000
+0.000
+0.027
+0.000
+0.000
+0.000
+0.000
+0.034
+0.000
+0.000
+0.000
+0.000
+0.042
+0.000
+0.000
+0.000
+0.000
+0.060
+0.000
+0.000
+0.000
+0.000
+0.074
+0.000
+0.000
+0.000
+0.000
+0.085
+0.000
+0.000
+0.000
+0.000
+0.090
+0.000
+0.000
+0.000
+0.000
+0.092
+0.000
+0.000
+0.000
+0.000
+0.095
+0.000
+0.000
+0.000
+0.000
+0.090
+0.000
+0.000
+0.000
+0.000
+0.088
+0.000
+0.000
+0.000
+0.000
+0.080
+0.000
+0.000
+0.000
+0.000
+0.071
+0.000
+0.000
+0.000
+0.000
+0.062
+0.000
+0.000
+0.000
+0.000
+0.053
+0.000
+0.000
+0.000
+0.000
+0.039
+0.000
+0.000
+0.000
+0.000
+0.036
+0.000
+0.000
+0.000
+0.000
+0.039
+0.000
+0.000
+0.000
+0.000
+0.042
+0.000
+0.000
+0.000
+0.000
+0.048
+0.000
+0.000
+0.000
+0.000
+0.053
+0.000
+0.000
+0.000
+0.000
+0.064
+0.000
+0.000
+0.000
+0.000
+0.078
+0.000
+0.000
+0.000
+0.000
+0.092
+0.000
+0.000
+0.000
+0.000
+0.107
+0.000
+0.000
+0.000
+0.000
+0.122
+0.000
+0.000
+0.000
+0.000
+0.139
+0.000
+0.000
+0.000
+0.000
+0.158
+0.000
+0.000
+0.000
+0.000
+0.187
+0.000
+0.000
+0.000
+0.000
+0.229
+0.000
+0.000
+0.000
+0.000
+0.280
+0.000
+0.000
+0.000
+0.000
+0.321
+0.000
+0.000
+0.000
+0.000
+0.333
+0.000
+0.000
+0.000
+0.000
+0.319
+0.000
+0.000
+0.000
+0.000
+0.260
+0.000
+0.000
+0.000
+0.000
+0.230
+0.000
+0.000
+0.000
+0.000
+0.208
+0.000
+0.000
+0.000
+0.000
+0.184
+0.000
+0.000
+0.000
+0.000
+0.166
+0.000
+0.000
+0.000
+0.000
+0.155
+0.000
+0.000
+0.000
+0.000
+0.149
+0.000
+0.000
+0.000
+0.000
+0.139
+0.000
+0.000
+0.000
+0.000
+0.134
+0.000
+0.000
+0.000
+0.000
+0.131
+0.000
+0.000
+0.000
+0.000
+0.128
+0.000
+0.000
+0.000
+0.000
+0.127
+0.000
+0.000
+0.000
+0.000
+0.126
+0.000
+0.000
+0.000
+0.000
+0.127
+0.000
+0.000
+0.000
+0.000
+0.127
+0.000
+0.000
+0.000
+0.000
+0.128
+0.000
+0.000
+0.000
+0.000
+0.130
+0.000
+0.000
+0.000
+0.000
+0.131
+0.000
+0.000
+0.000
+0.000
+0.131
+0.000
+0.000
+0.000
+0.000
+0.131
+0.000
+0.000
+0.000
+0.000
+0.129
+0.000
+0.000
+0.000
+0.000
+0.125
+0.000
+0.000
+0.000
+0.000
+0.120
+0.000
+0.000
+0.000
+0.000
+0.121
+0.000
+0.000
+0.000
+0.000
+0.122
+0.000
+0.000
+0.000
+0.000
+0.125
+0.000
+0.000
+0.000
+0.000
+0.134
+0.000
+0.000
+0.000
+0.000
+0.153
+0.000
+0.000
+0.000
+0.000
+0.170
+0.000
+0.000
+0.000
+0.000
+0.185
+0.000
+0.000
+0.000
+0.000
+0.197
+0.000
+0.000
+0.000
+0.000
+0.204
+0.000
+0.000
+0.000
+0.000
+0.210
+0.000
+0.000
+0.000
+0.000
+0.215
+0.000
+0.000
+0.000
+0.000
+0.221
+0.000
+0.000
+0.000
+0.000
+0.228
+0.000
+0.000
+0.000
+0.000
+0.233
+0.000
+0.000
+0.000
+0.000
+0.239
+0.000
+0.000
+0.000
+0.000
+0.247
+0.000
+0.000
+0.000
+0.000
+0.256
+0.000
+0.000
+0.000
+0.000
+0.266
+0.000
+0.000
+0.000
+0.000
+0.276
+0.000
+0.000
+0.000
+0.000
+0.282
+0.000
+0.000
+0.000
+0.000
+0.278
+0.000
+0.000
+0.000
+0.000
+0.268
+0.000
+0.000
+0.000
+0.000
+0.248
+0.000
+0.000
+0.000
+0.000
+0.196
+0.000
+0.000
+0.000
+0.000
+0.139
+0.000
+0.000
+0.000
+0.000
+0.099
+0.000
+0.000
+0.000
+0.000
+0.074
+0.000
+0.000
+0.000
+0.000
+0.069
+0.000
+0.000
+0.000
+0.000
+0.069
+0.000
+0.000
+0.000
+0.000
+0.072
+0.000
+0.000
+0.000
+0.000
+0.076
+0.000
+0.000
+0.000
+0.000
+0.087
+0.000
+0.000
+0.000
+0.000
+0.099
+0.000
+0.000
+0.000
+0.000
+0.115
+0.000
+0.000
+0.000
+0.000
+0.134
+0.000
+0.000
+0.000
+0.000
+0.157
+0.000
+0.000
+0.000
+0.000
+0.186
+0.000
+0.000
+0.000
+0.000
+0.204
+0.000
+0.000
+0.000
+0.000
+0.220
+0.000
+0.000
+0.000
+0.000
+0.227
+0.000
+0.000
+0.000
+0.000
+0.231
+0.000
+0.000
+0.000
+0.000
+0.232
+0.000
+0.000
+0.000
+0.000
+0.226
+0.000
+0.000
+0.000
+0.000
+0.217
+0.000
+0.000
+0.000
+0.000
+0.203
+0.000
+0.000
+0.000
+0.000
+0.184
+0.000
+0.000
+0.000
+0.000
+0.157
+0.000
+0.000
+0.000
+0.000
+0.138
+0.000
+0.000
+0.000
+0.000
+0.123
+0.000
+0.000
+0.000
+0.000
+0.134
+0.000
+0.000
+0.000
+0.000
+0.154
+0.000
+0.000
+0.000
+0.000
+0.182
+0.000
+0.000
+0.000
+0.000
+0.205
+0.000
+0.000
+0.000
+0.000
+0.232
+0.000
+0.000
+0.000
+0.000
+0.264
+0.000
+0.000
+0.000
+0.000
+0.288
+0.000
+0.000
+0.000
+0.000
+0.298
+0.000
+0.000
+0.000
+0.000
+0.298
+0.000
+0.000
+0.000
+0.000
+0.301
+0.000
+0.000
+0.000
+0.000
+0.308
+0.000
+0.000
+0.000
+0.000
+0.312
+0.000
+0.000
+0.000
+0.000
+0.314
+0.000
+0.000
+0.000
+0.000
+0.322
+0.000
+0.000
+0.000
+0.000
+0.313
+0.000
+0.000
+0.000
+0.000
+0.303
+0.000
+0.000
+0.000
+0.000
+0.273
+0.000
+0.000
+0.000
+0.000
+0.212
+0.000
+0.000
+0.000
+0.000
+0.158
+0.000
+0.000
+0.000
+0.000
+0.163
+0.000
+0.000
+0.000
+0.000
+0.171
+0.000
+0.000
+0.000
+0.000
+0.176
+0.000
+0.000
+0.000
+0.000
+0.179
+0.000
+0.000
+0.000
+0.000
+0.184
+0.000
+0.000
+0.000
+0.000
+0.198
+0.000
+0.000
+0.000
+0.000
+0.214
+0.000
+0.000
+0.000
+0.000
+0.229
+0.000
+0.000
+0.000
+0.000
+0.247
+0.000
+0.000
+0.000
+0.000
+0.267
+0.000
+0.000
+0.000
+0.000
+0.285
+0.000
+0.000
+0.000
+0.000
+0.297
+0.000
+0.000
+0.000
+0.000
+0.302
+0.000
+0.000
+0.000
+0.000
+0.299
+0.000
+0.000
+0.000
+0.000
+0.292
+0.000
+0.000
+0.000
+0.000
+0.251
+0.000
+0.000
+0.000
+0.000
+0.192
+0.000
+0.000
+0.000
+0.000
+0.134
+0.000
+0.000
+0.000
+0.000
+0.092
+0.000
+0.000
+0.000
+0.000
+0.083
+0.000
+0.000
+0.000
+0.000
+0.088
+0.000
+0.000
+0.000
+0.000
+0.097
+0.000
+0.000
+0.000
+0.000
+0.107
+0.000
+0.000
+0.000
+0.000
+0.119
+0.000
+0.000
+0.000
+0.000
+0.137
+0.000
+0.000
+0.000
+0.000
+0.175
+0.000
+0.000
+0.000
+0.000
+0.249
+0.000
+0.000
+0.000
+0.000
+0.866
+0.000
+0.000
+0.000
+0.000
+0.103
+0.000
+0.000
+0.000
+0.000
-0.022
+0.000
+0.000
+0.000
+0.000
-0.063
+0.000
+0.000
+0.000
+0.000
-0.079
+0.000
+0.000
+0.000
+0.000
-0.092
+0.000
+0.000
+0.000
+0.000
-0.093
+0.000
+0.000
+0.000
+0.000
-0.056
+0.000
+0.000
+0.000
+0.000
+0.009
+0.000
+0.000
+0.000
+0.000
+0.185
+0.000
+0.000
+0.000
+0.000
+0.813
+0.000
+0.000
+0.000
+0.000
+4.987
+0.000
+0.000
+0.000
+0.000
+1.242
+0.000
+0.000
+0.000
+0.000
+1.018
+0.000
+0.000
+0.000
+0.000
+1.093
+0.000
+0.000
+0.000
+0.000
+1.912
+0.000
+0.000
+0.000
+0.000
+4.928
+0.000
+0.000
+0.000
+0.000
+0.577
+0.000
+0.000
+0.000
+0.000
+0.205
+0.000
+0.000
+0.000
+0.000
+0.058
+0.000
+0.000
+0.000
+0.000
-0.021
+0.000
+0.000
+0.000
+0.000
-0.045
+0.000
+0.000
+0.000
+0.000
-0.029
+0.000
+0.000
+0.000
+0.000
+0.058
+0.000
+0.000
+0.000
+0.000
+0.279
+0.000
+0.000
+0.000
+0.000
+1.519
+0.000
+0.000
+0.000
+0.000
+1.414
+0.000
+0.000
+0.000
+0.000
+0.555
+0.000
+0.000
+0.000
+0.000
+0.432
+0.000
+0.000
+0.000
+0.000
+0.393
+0.000
+0.000
+0.000
+0.000
+0.392
+0.000
+0.000
+0.000
+0.000
+0.422
+0.000
+0.000
+0.000
+0.000
+0.498
+0.000
+0.000
+0.000
+0.000
+0.728
+0.000
+0.000
+0.000
+0.000
+3.589
+0.000
+0.000
+0.000
+0.000
+0.829
+0.000
+0.000
+0.000
+0.000
+0.273
+0.000
+0.000
+0.000
+0.000
+0.065
+0.000
+0.000
+0.000
+0.000
-0.037
+0.000
+0.000
+0.000
+0.000
-0.104
+0.000
+0.000
+0.000
+0.000
-0.150
+0.000
+0.000
+0.000
+0.000
-0.183
+0.000
+0.000
+0.000
+0.000
-0.202
+0.000
+0.000
+0.000
+0.000
-0.209
+0.000
+0.000
+0.000
+0.000
-0.213
+0.000
+0.000
+0.000
+0.000
-0.210
+0.000
+0.000
+0.000
+0.000
-0.198
+0.000
+0.000
+0.000
+0.000
-0.182
+0.000
+0.000
+0.000
+0.000
-0.143
+0.000
+0.000
+0.000
+0.000
-0.071
+0.000
+0.000
+0.000
+0.000
+0.017
+0.000
+0.000
+0.000
+0.000
+0.103
+0.000
+0.000
+0.000
+0.000
+0.138
+0.000
+0.000
+0.000
+0.000
+0.153
+0.000
+0.000
+0.000
+0.000
+0.130
+0.000
+0.000
+0.000
+0.000
+0.087
+0.000
+0.000
+0.000
+0.000
+0.038
+0.000
+0.000
+0.000
+0.000
-0.003
+0.000
+0.000
+0.000
+0.000
-0.036
+0.000
+0.000
+0.000
+0.000
-0.054
+0.000
+0.000
+0.000
+0.000
-0.063
+0.000
+0.000
+0.000
+0.000
-0.066
+0.000
+0.000
+0.000
+0.000
-0.069
+0.000
+0.000
+0.000
+0.000
-0.074
+0.000
+0.000
+0.000
+0.000
-0.077
+0.000
+0.000
+0.000
+0.000
-0.080
+0.000
+0.000
+0.000
+0.000
-0.081
+0.000
+0.000
+0.000
+0.000
-0.082
+0.000
+0.000
+0.000
+0.000
-0.085
+0.000
+0.000
+0.000
+0.000
-0.093
+0.000
+0.000
+0.000
+0.000
-0.099
+0.000
+0.000
+0.000
+0.000
-0.107
+0.000
+0.000
+0.000
+0.000
-0.113
+0.000
+0.000
+0.000
+0.000
-0.118
+0.000
+0.000
+0.000
+0.000
-0.120
+0.000
+0.000
+0.000
+0.000
-0.120
+0.000
+0.000
+0.000
+0.000
-0.117
+0.000
+0.000
+0.000
+0.000
-0.112
+0.000
+0.000
+0.000
+0.000
-0.104
+0.000
+0.000
+0.000
+0.000
-0.092
+0.000
+0.000
+0.000
+0.000
-0.082
+0.000
+0.000
+0.000
+0.000
-0.076
+0.000
+0.000
+0.000
+0.000
-0.068
+0.000
+0.000
+0.000
+0.000
-0.059
+0.000
+0.000
+0.000
+0.000
-0.052
+0.000
+0.000
+0.000
+0.000
-0.048
+0.000
+0.000
+0.000
+0.000
-0.048
+0.000
+0.000
+0.000
+0.000
-0.043
+0.000
+0.000
+0.000
+0.000
-0.043
+0.000
+0.000
+0.000
+0.000
-0.045
+0.000
+0.000
+0.000
+0.000
-0.043
+0.000
+0.000
+0.000
+0.000
-0.038
+0.000
+0.000
+0.000
+0.000
-0.038
+0.000
+0.000
+0.000
+0.000
-0.038
+0.000
+0.000
+0.000
+0.000
-0.043
+0.000
+0.000
+0.000
+0.000
-0.046
+0.000
+0.000
+0.000
+0.000
-0.051
+0.000
+0.000
+0.000
+0.000
-0.057
+0.000
+0.000
+0.000
+0.000
-0.063
+0.000
+0.000
+0.000
+0.000
-0.067
+0.000
+0.000
+0.000
+0.000
-0.064
+0.000
+0.000
+0.000
+0.000
-0.062
+0.000
+0.000
+0.000
+0.000
-0.048
+0.000
+0.000
+0.000
+0.000
+0.066
+0.000
+0.000
+0.000
+0.000
+5.639
+0.000
+0.000
+0.000
+0.000
+0.540
+0.000
+0.000
+0.000
+0.000
+0.489
+0.000
+0.000
+0.000
+0.000
+0.458
+0.000
+0.000
+0.000
+0.000
+0.605
+0.000
+0.000
+0.000
+0.000
+4.971
+0.000
+0.000
+0.000
+0.000
+0.139
+0.000
+0.000
+0.000
+0.000
+0.007
+0.000
+0.000
+0.000
+0.000
-0.057
+0.000
+0.000
+0.000
+0.000
-0.093
+0.000
+0.000
+0.000
+0.000
-0.122
+0.000
+0.000
+0.000
+0.000
-0.153
+0.000
+0.000
+0.000
+0.000
-0.189
+0.000
+0.000
+0.000
+0.000
-0.231
+0.000
+0.000
+0.000
+0.000
-0.297
+0.000
+0.000
+0.000
+0.000
-0.514
+0.000
+0.000
+0.000
+0.000
-41.38
+0.000
+0.000
+0.000
+0.000
-0.290
+0.000
+0.000
+0.000
+0.000
-0.066
+0.000
+0.000
+0.000
+0.000
+0.069
+0.000
+0.000
+0.000
+0.000
+0.179
+0.000
+0.000
+0.000
+0.000
+0.248
+0.000
+0.000
+0.000
+0.000
+0.303
+0.000
+0.000
+0.000
+0.000
+0.362
+0.000
+0.000
+0.000
+0.000
+0.408
+0.000
+0.000
+0.000
+0.000
+0.445
+0.000
+0.000
+0.000
+0.000
+0.468
+0.000
+0.000
+0.000
+0.000
+0.490
+0.000
+0.000
+0.000
+0.000
+0.482
+0.000
+0.000
+0.000
+0.000
+0.454
+0.000
+0.000
+0.000
+0.000
+0.437
+0.000
+0.000
+0.000
+0.000
+0.429
+0.000
+0.000
+0.000
+0.000
+0.384
+0.000
+0.000
+0.000
+0.000
+0.293
+0.000
+0.000
+0.000
+0.000
+0.215
+0.000
+0.000
+0.000
+0.000
+0.155
+0.000
+0.000
+0.000
+0.000
+0.086
+0.000
+0.000
+0.000
+0.000
+0.030
+0.000
+0.000
+0.000
+0.000
+0.002
+0.000
+0.000
+0.000
+0.000
-0.031
+0.000
+0.000
+0.000
+0.000
-0.061
+0.000
+0.000
+0.000
+0.000
-0.092
+0.000
+0.000
+0.000
+0.000
-0.124
+0.000
+0.000
+0.000
+0.000
-0.163
+0.000
+0.000
+0.000
+0.000
-0.211
+0.000
+0.000
+0.000
+0.000
-0.248
+0.000
+0.000
+0.000
+0.000
-0.303
+0.000
+0.000
+0.000
+0.000
-0.400
+0.000
+0.000
+0.000
+0.000
-0.879
+0.000
+0.000
+0.000
+0.000
-3.161
+0.000
+0.000
+0.000
+0.000
-0.869
+0.000
+0.000
+0.000
+0.000
-2.889
+0.000
+0.000
+0.000
+0.000
-0.265
+0.000
+0.000
+0.000
+0.000
-0.103
+0.000
+0.000
+0.000
+0.000
-0.072
+0.000
+0.000
+0.000
+0.000
-0.078
+0.000
+0.000
+0.000
+0.000
-0.072
+0.000
+0.000
+0.000
+0.000
+0.007
+0.000
+0.000
+0.000
+0.000
+0.059
+0.000
+0.000
+0.000
+0.000
+0.095
+0.000
+0.000
+0.000
+0.000
+0.122
+0.000
+0.000
+0.000
+0.000
+0.145
+0.000
+0.000
+0.000
+0.000
+0.188
+0.000
+0.000
+0.000
+0.000
+0.226
+0.000
+0.000
+0.000
+0.000
+0.263
+0.000
+0.000
+0.000
+0.000
+0.291
+0.000
+0.000
+0.000
+0.000
+0.315
+0.000
+0.000
+0.000
+0.000
+0.351
+0.000
+0.000
+0.000
+0.000
+0.404
+0.000
+0.000
+0.000
+0.000
+0.479
+0.000
+0.000
+0.000
+0.000
+0.456
+0.000
+0.000
+0.000
+0.000
+0.351
+0.000
+0.000
+0.000
+0.000
+0.255
+0.000
+0.000
+0.000
+0.000
+0.115
+0.000
+0.000
+0.000
+0.000
+0.003
+0.000
+0.000
+0.000
+0.000
-0.087
+0.000
+0.000
+0.000
+0.000
-0.174
+0.000
+0.000
+0.000
+0.000
-0.241
+0.000
+0.000
+0.000
+0.000
-0.255
+0.000
+0.000
+0.000
+0.000
-0.263
+0.000
+0.000
+0.000
+0.000
-0.265
+0.000
+0.000
+0.000
+0.000
-0.275
+0.000
+0.000
+0.000
+0.000
-0.270
+0.000
+0.000
+0.000
+0.000
-0.272
+0.000
+0.000
+0.000
+0.000
-0.289
+0.000
+0.000
+0.000
+0.000
-0.276
+0.000
+0.000
+0.000
+0.000
-0.221
+0.000
+0.000
+0.000
+0.000
-0.138
+0.000
+0.000
+0.000
+0.000
-0.093
+0.000
+0.000
+0.000
+0.000
-0.066
+0.000
+0.000
+0.000
+0.000
-0.059
+0.000
+0.000
+0.000
+0.000
-0.067
+0.000
+0.000
+0.000
+0.000
-0.084
+0.000
+0.000
+0.000
+0.000
-0.109
+0.000
+0.000
+0.000
+0.000
-0.113
+0.000
+0.000
+0.000
+0.000
-0.112
+0.000
+0.000
+0.000
+0.000
-0.108
+0.000
+0.000
+0.000
+0.000
-0.094
+0.000
+0.000
+0.000
+0.000
-0.080
+0.000
+0.000
+0.000
+0.000
-0.066
+0.000
+0.000
+0.000
+0.000
-0.053
+0.000
+0.000
+0.000
+0.000
-0.042
+0.000
+0.000
+0.000
+0.000
-0.036
+0.000
+0.000
+0.000
+0.000
-0.045
+0.000
+0.000
+0.000
+0.000
-0.107
+0.000
+0.000
+0.000
+0.000
-4.191
+0.000
+0.000
+0.000
+0.000
-0.377
+0.000
+0.000
+0.000
+0.000
-0.421
+0.000
+0.000
+0.000
+0.000
-0.542
+0.000
+0.000
+0.000
+0.000
-2.726
+0.000
+0.000
+0.000
+0.000
-0.987
+0.000
+0.000
+0.000
+0.000
-0.470
+0.000
+0.000
+0.000
+0.000
-0.296
+0.000
+0.000
+0.000
+0.000
-0.148
+0.000
+0.000
+0.000
+0.000
-0.040
+0.000
+0.000
+0.000
+0.000
+0.011
+0.000
+0.000
+0.000
+0.000
+0.063
+0.000
+0.000
+0.000
+0.000
+0.100
+0.000
+0.000
+0.000
+0.000
+0.122
+0.000
+0.000
+0.000
+0.000
+0.115
+0.000
+0.000
+0.000
+0.000
+0.105
+0.000
+0.000
+0.000
+0.000
+0.097
+0.000
+0.000
+0.000
+0.000
+0.096
+0.000
+0.000
+0.000
+0.000
+0.093
+0.000
+0.000
+0.000
+0.000
+0.081
+0.000
+0.000
+0.000
+0.000
+0.060
+0.000
+0.000
+0.000
+0.000
+0.039
+0.000
+0.000
+0.000
+0.000
+0.016
+0.000
+0.000
+0.000
+0.000
-0.002
+0.000
+0.000
+0.000
+0.000
-0.002
+0.000
+0.000
+0.000
+0.000
+0.022
+0.000
+0.000
+0.000
+0.000
+0.050
+0.000
+0.000
+0.000
+0.000
+0.067
+0.000
+0.000
+0.000
+0.000
+0.075
+0.000
+0.000
+0.000
+0.000
+0.082
+0.000
+0.000
+0.000
+0.000
+0.112
+0.000
+0.000
+0.000
+0.000
+0.144
+0.000
+0.000
+0.000
+0.000
+0.156
+0.000
+0.000
+0.000
+0.000
+0.155
+0.000
+0.000
+0.000
+0.000
+0.150
+0.000
+0.000
+0.000
+0.000
+0.147
+0.000
+0.000
+0.000
+0.000
+0.142
+0.000
+0.000
+0.000
+0.000
+0.141
+0.000
+0.000
+0.000
+0.000
+0.144
+0.000
+0.000
+0.000
+0.000
+0.139
+0.000
+0.000
+0.000
+0.000
+0.121
+0.000
+0.000
+0.000
+0.000
+0.094
+0.000
+0.000
+0.000
+0.000
+0.048
+0.000
+0.000
+0.000
+0.000
+0.001
+0.000
+0.000
+0.000
+0.000
-0.058
+0.000
+0.000
+0.000
+0.000
-0.190
+0.000
+0.000
+0.000
+0.000
-0.576
+0.000
+0.000
+0.000
+0.000
-1.408
+0.000
+0.000
+0.000
+0.000
-1.061
+0.000
+0.000
+0.000
+0.000
-0.823
+0.000
+0.000
+0.000
+0.000
-0.557
+0.000
+0.000
+0.000
+0.000
-0.434
+0.000
+0.000
+0.000
+0.000
-0.293
+0.000
+0.000
+0.000
+0.000
-0.185
+0.000
+0.000
+0.000
+0.000
-0.129
+0.000
+0.000
+0.000
+0.000
-0.089
+0.000
+0.000
+0.000
+0.000
-0.064
+0.000
+0.000
+0.000
+0.000
-0.043
+0.000
+0.000
+0.000
+0.000
-0.018
+0.000
+0.000
+0.000
+0.000
-0.009
+0.000
+0.000
+0.000
+0.000
-0.010
+0.000
+0.000
+0.000
+0.000
-0.017
+0.000
+0.000
+0.000
+0.000
-0.036
+0.000
+0.000
+0.000
+0.000
-0.073
+0.000
+0.000
+0.000
+0.000
-0.139
+0.000
+0.000
+0.000
+0.000
-0.245
+0.000
+0.000
+0.000
+0.000
-0.309
+0.000
+0.000
+0.000
+0.000
-0.384
+0.000
+0.000
+0.000
+0.000
-0.525
+0.000
+0.000
+0.000
+0.000
-0.671
+0.000
+0.000
+0.000
+0.000
-0.961
+0.000
+0.000
+0.000
+0.000
-0.920
+0.000
+0.000
+0.000
+0.000
-0.318
+0.000
+0.000
+0.000
+0.000
-0.166
+0.000
+0.000
+0.000
+0.000
-0.109
+0.000
+0.000
+0.000
+0.000
-0.122
+0.000
+0.000
+0.000
+0.000
-0.249
+0.000
+0.000
+0.000
+0.000
-0.083
+0.000
+0.000
+0.000
+0.000
-0.089
+0.000
+0.000
+0.000
+0.000
-0.103
+0.000
+0.000
+0.000
+0.000
-0.113
+0.000
+0.000
+0.000
+0.000
-0.128
+0.000
+0.000
+0.000
+0.000
-0.133
+0.000
+0.000
+0.000
+0.000
-0.129
+0.000
+0.000
+0.000
+0.000
-0.125
+0.000
+0.000
+0.000
+0.000
-0.120
+0.000
+0.000
+0.000
+0.000
-0.117
+0.000
+0.000
+0.000
+0.000
-0.109
+0.000
+0.000
+0.000
+0.000
-0.098
+0.000
+0.000
+0.000
+0.000
-0.089
+0.000
+0.000
+0.000
+0.000
-0.079
+0.000
+0.000
+0.000
+0.000
-0.072
+0.000
+0.000
+0.000
+0.000
-0.066
+0.000
+0.000
+0.000
+0.000
-0.062
+0.000
+0.000
+0.000
+0.000
-0.061
+0.000
+0.000
+0.000
+0.000
-0.063
+0.000
+0.000
+0.000
+0.000
-0.062
+0.000
+0.000
+0.000
+0.000
-0.062
+0.000
+0.000
+0.000
+0.000
-0.060
+0.000
+0.000
+0.000
+0.000
-0.058
+0.000
+0.000
+0.000
+0.000
-0.056
+0.000
+0.000
+0.000
+0.000
-0.056
+0.000
+0.000
+0.000
+0.000
-0.057
+0.000
+0.000
+0.000
+0.000
-0.059
+0.000
+0.000
+0.000
+0.000
-0.062
+0.000
+0.000
+0.000
+0.000
-0.069
+0.000
+0.000
+0.000
+0.000
-0.078
+0.000
+0.000
+0.000
+0.000
-0.084
+0.000
+0.000
+0.000
+0.000
-0.091
+0.000
+0.000
+0.000
+0.000
-0.098
+0.000
+0.000
+0.000
+0.000
-0.105
+0.000
+0.000
+0.000
+0.000
-0.109
+0.000
+0.000
+0.000
+0.000
-0.122
+0.000
+0.000
+0.000
+0.000
-0.144
+0.000
+0.000
+0.000
+0.000
-0.178
+0.000
+0.000
+0.000
+0.000
-0.238
+0.000
+0.000
+0.000
+0.000
-0.324
+0.000
+0.000
+0.000
+0.000
-0.453
+0.000
+0.000
+0.000
+0.000
-0.751
+0.000
+0.000
+0.000
+0.000
-21.04
+0.000
+0.000
+0.000
+0.000
-0.400
+0.000
+0.000
+0.000
+0.000
-0.177
+0.000
+0.000
+0.000
+0.000
-0.148
+0.000
+0.000
+0.000
+0.000
-0.516
+0.000
+0.000
+0.000
+0.000
-0.089
+0.000
+0.000
+0.000
+0.000
-0.076
+0.000
+0.000
+0.000
+0.000
-0.069
+0.000
+0.000
+0.000
+0.000
-0.067
+0.000
+0.000
+0.000
+0.000
-0.063
+0.000
+0.000
+0.000
+0.000
-0.056
+0.000
+0.000
+0.000
+0.000
-0.046
+0.000
+0.000
+0.000
+0.000
-0.028
+0.000
+0.000
+0.000
+0.000
-0.014
+0.000
+0.000
+0.000
+0.000
-0.009
+0.000
+0.000
+0.000
+0.000
-0.014
+0.000
+0.000
+0.000
+0.000
-0.022
+0.000
+0.000
+0.000
+0.000
-0.033
+0.000
+0.000
+0.000
+0.000
-0.040
+0.000
+0.000
+0.000
+0.000
-0.048
+0.000
+0.000
+0.000
+0.000
-0.056
+0.000
+0.000
+0.000
+0.000
-0.062
+0.000
+0.000
+0.000
+0.000
-0.068
+0.000
+0.000
+0.000
+0.000
-0.071
+0.000
+0.000
+0.000
+0.000
-0.075
+0.000
+0.000
+0.000
+0.000
-0.078
+0.000
+0.000
+0.000
+0.000
-0.080
+0.000
+0.000
+0.000
+0.000
-0.081
+0.000
+0.000
+0.000
+0.000
-0.082
+0.000
+0.000
+0.000
+0.000
-0.082
+0.000
+0.000
+0.000
+0.000
-0.082
+0.000
+0.000
+0.000
+0.000
-0.082
+0.000
+0.000
+0.000
+0.000
-0.082
+0.000
+0.000
+0.000
+0.000
-0.082
+0.000
+0.000
+0.000
+0.000
-0.081
+0.000
+0.000
+0.000
+0.000
-0.077
+0.000
+0.000
+0.000
+0.000
-0.075
+0.000
+0.000
+0.000
+0.000
-0.072
+0.000
+0.000
+0.000
+0.000
-0.072
+0.000
+0.000
+0.000
+0.000
-0.068
+0.000
+0.000
+0.000
+0.000
-0.063
+0.000
+0.000
+0.000
+0.000
-0.051
+0.000
+0.000
+0.000
+0.000
-0.030
+0.000
+0.000
+0.000
+0.000
+0.019
+0.000
+0.000
+0.000
+0.000
+0.086
+0.000
+0.000
+0.000
+0.000
+0.182
+0.000
+0.000
+0.000
+0.000
+0.280
+0.000
+0.000
+0.000
+0.000
+0.287
+0.000
+0.000
+0.000
+0.000
+0.233
+0.000
+0.000
+0.000
+0.000
+0.205
+0.000
+0.000
+0.000
+0.000
+0.211
+0.000
+0.000
+0.000
+0.000
+0.199
+0.000
+0.000
+0.000
+0.000
+0.174
+0.000
+0.000
+0.000
+0.000
+0.129
+0.000
+0.000
+0.000
+0.000
+0.093
+0.000
+0.000
+0.000
+0.000
+0.047
+0.000
+0.000
+0.000
+0.000
+0.001
+0.000
+0.000
+0.000
+0.000
-0.028
+0.000
+0.000
+0.000
+0.000
-0.050
+0.000
+0.000
+0.000
+0.000
-0.067
+0.000
+0.000
+0.000
+0.000
-0.073
+0.000
+0.000
+0.000
+0.000
-0.072
+0.000
+0.000
+0.000
+0.000
-0.068
+0.000
+0.000
+0.000
+0.000
-0.063
+0.000
+0.000
+0.000
+0.000
-0.057
+0.000
+0.000
+0.000
+0.000
-0.050
+0.000
+0.000
+0.000
+0.000
-0.044
+0.000
+0.000
+0.000
+0.000
-0.042
+0.000
+0.000
+0.000
+0.000
-0.042
+0.000
+0.000
+0.000
+0.000
-0.043
+0.000
+0.000
+0.000
+0.000
-0.045
+0.000
+0.000
+0.000
+0.000
-0.048
+0.000
+0.000
+0.000
+0.000
-0.034
+0.000
+0.000
+0.000
+0.000
-0.003
+0.000
+0.000
+0.000
+0.000
+0.039
+0.000
+0.000
+0.000
+0.000
+0.092
+0.000
+0.000
+0.000
+0.000
+0.152
+0.000
+0.000
+0.000
+0.000
+0.220
+0.000
+0.000
+0.000
+0.000
+0.317
+0.000
+0.000
+0.000
+0.000
+0.419
+0.000
+0.000
+0.000
+0.000
+0.455
+0.000
+0.000
+0.000
+0.000
+0.421
+0.000
+0.000
+0.000
+0.000
+0.337
+0.000
+0.000
+0.000
+0.000
+0.275
+0.000
+0.000
+0.000
+0.000
+0.228
+0.000
+0.000
+0.000
+0.000
+0.179
+0.000
+0.000
+0.000
+0.000
+0.151
+0.000
+0.000
+0.000
+0.000
+0.135
+0.000
+0.000
+0.000
+0.000
+0.132
+0.000
+0.000
+0.000
+0.000
+0.170
+0.000
+0.000
+0.000
+0.000
+0.203
+0.000
+0.000
+0.000
+0.000
+0.213
+0.000
+0.000
+0.000
+0.000
+0.174
+0.000
+0.000
+0.000
+0.000
+0.139
+0.000
+0.000
+0.000
+0.000
+0.070
+0.000
+0.000
+0.000
+0.000
-0.005
+0.000
+0.000
+0.000
+0.000
-0.051
+0.000
+0.000
+0.000
+0.000
-0.101
+0.000
+0.000
+0.000
+0.000
-0.138
+0.000
+0.000
+0.000
+0.000
-0.158
+0.000
+0.000
+0.000
+0.000
-0.167
+0.000
+0.000
+0.000
+0.000
-0.170
+0.000
+0.000
+0.000
+0.000
-0.162
+0.000
+0.000
+0.000
+0.000
-0.142
+0.000
+0.000
+0.000
+0.000
-0.131
+0.000
+0.000
+0.000
+0.000
-0.139
+0.000
+0.000
+0.000
+0.000
-0.151
+0.000
+0.000
+0.000
+0.000
-0.154
+0.000
+0.000
+0.000
+0.000
-0.151
+0.000
+0.000
+0.000
+0.000
-0.138
+0.000
+0.000
+0.000
+0.000
-0.141
+0.000
+0.000
+0.000
+0.000
-0.144
+0.000
+0.000
+0.000
+0.000
-0.145
+0.000
+0.000
+0.000
+0.000
-0.161
+0.000
+0.000
+0.000
+0.000
-0.177
+0.000
+0.000
+0.000
+0.000
-0.184
+0.000
+0.000
+0.000
+0.000
-0.212
+0.000
+0.000
+0.000
+0.000
-0.249
+0.000
+0.000
+0.000
+0.000
-0.277
+0.000
+0.000
+0.000
+0.000
-0.313
+0.000
+0.000
+0.000
+0.000
-0.375
+0.000
+0.000
+0.000
+0.000
-0.443
+0.000
+0.000
+0.000
+0.000
-0.461
+0.000
+0.000
+0.000
+0.000
-0.460
+0.000
+0.000
+0.000
+0.000
-0.421
+0.000
+0.000
+0.000
+0.000
-0.357
+0.000
+0.000
+0.000
+0.000
-0.309
+0.000
+0.000
+0.000
+0.000
-0.264
+0.000
+0.000
+0.000
+0.000
-0.230
+0.000
+0.000
+0.000
+0.000
-0.229
+0.000
+0.000
+0.000
+0.000
-0.264
+0.000
+0.000
+0.000
+0.000
-0.378
+0.000
+0.000
+0.000
+0.000
-0.824
+0.000
+0.000
+0.000
+0.000
-4.976
+0.000
+0.000
+0.000
+0.000
-0.562
+0.000
+0.000
+0.000
+0.000
-0.213
+0.000
+0.000
+0.000
+0.000
-0.116
+0.000
+0.000
+0.000
+0.000
-0.080
+0.000
+0.000
+0.000
+0.000
-0.067
+0.000
+0.000
+0.000
+0.000
-0.064
+0.000
+0.000
+0.000
+0.000
-0.068
+0.000
+0.000
+0.000
+0.000
-0.078
+0.000
+0.000
+0.000
+0.000
-0.093
+0.000
+0.000
+0.000
+0.000
-0.118
+0.000
+0.000
+0.000
+0.000
-0.149
+0.000
+0.000
+0.000
+0.000
-0.182
+0.000
+0.000
+0.000
+0.000
-0.185
+0.000
+0.000
+0.000
+0.000
-0.200
+0.000
+0.000
+0.000
+0.000
-0.234
+0.000
+0.000
+0.000
+0.000
-0.305
+0.000
+0.000
+0.000
+0.000
-0.359
+0.000
+0.000
+0.000
+0.000
-0.510
+0.000
+0.000
+0.000
+0.000
-0.566
+0.000
+0.000
+0.000
+0.000
-0.643
+0.000
+0.000
+0.000
+0.000
-0.698
+0.000
+0.000
+0.000
+0.000
-0.425
+0.000
+0.000
+0.000
+0.000
-0.214
+0.000
+0.000
+0.000
+0.000
-0.101
+0.000
+0.000
+0.000
+0.000
-0.036
+0.000
+0.000
+0.000
+0.000
-0.004
+0.000
+0.000
+0.000
+0.000
+0.020
+0.000
+0.000
+0.000
+0.000
+0.038
+0.000
+0.000
+0.000
+0.000
+0.055
+0.000
+0.000
+0.000
+0.000
+0.068
+0.000
+0.000
+0.000
+0.000
+0.068
+0.000
+0.000
+0.000
+0.000
+0.056
+0.000
+0.000
+0.000
+0.000
+0.027
+0.000
+0.000
+0.000
+0.000
-0.021
+0.000
+0.000
+0.000
+0.000
-0.076
+0.000
+0.000
+0.000
+0.000
-0.124
+0.000
+0.000
+0.000
+0.000
-0.101
+0.000
+0.000
+0.000
+0.000
-0.066
+0.000
+0.000
+0.000
+0.000
-0.030
+0.000
+0.000
+0.000
+0.000
+0.001
+0.000
+0.000
+0.000
+0.000
+0.025
+0.000
+0.000
+0.000
+0.000
+0.042
+0.000
+0.000
+0.000
+0.000
+0.055
+0.000
+0.000
+0.000
+0.000
+0.067
+0.000
+0.000
+0.000
+0.000
+0.078
+0.000
+0.000
+0.000
+0.000
+0.087
+0.000
+0.000
+0.000
+0.000
+0.093
+0.000
+0.000
+0.000
+0.000
+0.092
+0.000
+0.000
+0.000
+0.000
+0.083
+0.000
+0.000
+0.000
+0.000
+0.070
+0.000
+0.000
+0.000
+0.000
+0.056
+0.000
+0.000
+0.000
+0.000
+0.045
+0.000
+0.000
+0.000
+0.000
+0.034
+0.000
+0.000
+0.000
+0.000
+0.025
+0.000
+0.000
+0.000
+0.000
+0.015
+0.000
+0.000
+0.000
+0.000
+0.002
+0.000
+0.000
+0.000
+0.000
-0.007
+0.000
+0.000
+0.000
+0.000
-0.022
+0.000
+0.000
+0.000
+0.000
-0.066
+0.000
+0.000
+0.000
+0.000
-0.296
+0.000
+0.000
+0.000
+0.000
-6.975
+0.000
+0.000
+0.000
+0.000
-0.263
+0.000
+0.000
+0.000
+0.000
-0.054
+0.000
+0.000
+0.000
+0.000
-0.013
+0.000
+0.000
+0.000
+0.000
-0.011
+0.000
+0.000
+0.000
+0.000
-0.020
+0.000
+0.000
+0.000
+0.000
-0.044
+0.000
+0.000
+0.000
+0.000
-0.072
+0.000
+0.000
+0.000
+0.000
-0.096
+0.000
+0.000
+0.000
+0.000
-0.122
+0.000
+0.000
+0.000
+0.000
-0.149
+0.000
+0.000
+0.000
+0.000
-0.173
+0.000
+0.000
+0.000
+0.000
-0.190
+0.000
+0.000
+0.000
+0.000
-0.191
+0.000
+0.000
+0.000
+0.000
-0.190
+0.000
+0.000
+0.000
+0.000
-0.159
+0.000
+0.000
+0.000
+0.000
-0.068
+0.000
+0.000
+0.000
+0.000
+0.089
+0.000
+0.000
+0.000
+0.000
+0.306
+0.000
+0.000
+0.000
+0.000
+0.410
+0.000
+0.000
+0.000
+0.000
+0.358
+0.000
+0.000
+0.000
+0.000
+0.297
+0.000
+0.000
+0.000
+0.000
+0.230
+0.000
+0.000
+0.000
+0.000
+0.164
+0.000
+0.000
+0.000
+0.000
+0.089
+0.000
+0.000
+0.000
+0.000
+0.014
+0.000
+0.000
+0.000
+0.000
-0.035
+0.000
+0.000
+0.000
+0.000
-0.053
+0.000
+0.000
+0.000
+0.000
-0.066
+0.000
+0.000
+0.000
+0.000
-0.073
+0.000
+0.000
+0.000
+0.000
-0.073
+0.000
+0.000
+0.000
+0.000
-0.055
+0.000
+0.000
+0.000
+0.000
-0.025
+0.000
+0.000
+0.000
+0.000
+0.005
+0.000
+0.000
+0.000
+0.000
+0.030
+0.000
+0.000
+0.000
+0.000
+0.038
+0.000
+0.000
+0.000
+0.000
+0.035
+0.000
+0.000
+0.000
+0.000
+0.029
+0.000
+0.000
+0.000
+0.000
+0.019
+0.000
+0.000
+0.000
+0.000
+0.005
+0.000
+0.000
+0.000
+0.000
-0.012
+0.000
+0.000
+0.000
+0.000
-0.029
+0.000
+0.000
+0.000
+0.000
-0.043
+0.000
+0.000
+0.000
+0.000
-0.054
+0.000
+0.000
+0.000
+0.000
-0.060
+0.000
+0.000
+0.000
+0.000
-0.061
+0.000
+0.000
+0.000
+0.000
-0.063
+0.000
+0.000
+0.000
+0.000
-0.064
+0.000
+0.000
+0.000
+0.000
-0.065
+0.000
+0.000
+0.000
+0.000
-0.065
+0.000
+0.000
+0.000
+0.000
-0.065
+0.000
+0.000
+0.000
+0.000
-0.065
+0.000
+0.000
+0.000
+0.000
-0.065
+0.000
+0.000
+0.000
+0.000
-0.065
+0.000
+0.000
+0.000
+0.000
-0.069
+0.000
+0.000
+0.000
+0.000
-0.075
+0.000
+0.000
+0.000
+0.000
-0.076
+0.000
+0.000
+0.000
+0.000
-0.075
+0.000
+0.000
+0.000
+0.000
-0.090
+0.000
+0.000
+0.000
+0.000
-0.107
+0.000
+0.000
+0.000
+0.000
-0.128
+0.000
+0.000
+0.000
+0.000
-0.149
+0.000
+0.000
+0.000
+0.000
-0.166
+0.000
+0.000
+0.000
+0.000
-0.178
+0.000
+0.000
+0.000
+0.000
-0.193
+0.000
+0.000
+0.000
+0.000
-0.200
+0.000
+0.000
+0.000
+0.000
-0.192
+0.000
+0.000
+0.000
+0.000
-0.163
+0.000
+0.000
+0.000
+0.000
-0.131
+0.000
+0.000
+0.000
+0.000
-0.053
+0.000
+0.000
+0.000
+0.000
+0.033
+0.000
+0.000
+0.000
+0.000
+0.086
+0.000
+0.000
+0.000
+0.000
+0.205
+0.000
+0.000
+0.000
+0.000
+0.347
+0.000
+0.000
+0.000
+0.000
+0.455
+0.000
+0.000
+0.000
+0.000
+0.360
+0.000
+0.000
+0.000
+0.000
+0.183
+0.000
+0.000
+0.000
+0.000
-0.353
+0.000
+0.000
+0.000
+0.000
-1.401
+0.000
+0.000
+0.000
+0.000
-0.399
+0.000
+0.000
+0.000
+0.000
-0.420
+0.000
+0.000
+0.000
+0.000
-0.717
+0.000
+0.000
+0.000
+0.000
-2.238
+0.000
+0.000
+0.000
+0.000
-1.928
+0.000
+0.000
+0.000
+0.000
-0.582
+0.000
+0.000
+0.000
+0.000
-0.328
+0.000
+0.000
+0.000
+0.000
-0.238
+0.000
+0.000
+0.000
+0.000
-0.188
+0.000
+0.000
+0.000
+0.000
-0.153
+0.000
+0.000
+0.000
+0.000
-0.142
+0.000
+0.000
+0.000
+0.000
-0.139
+0.000
+0.000
+0.000
+0.000
-0.147
+0.000
+0.000
+0.000
+0.000
-0.165
+0.000
+0.000
+0.000
+0.000
-0.173
+0.000
+0.000
+0.000
+0.000
-0.123
+0.000
+0.000
+0.000
+0.000
+0.013
+0.000
+0.000
+0.000
+0.000
+0.462
+0.000
+0.000
+0.000
+0.000
+7.386
+0.000
+0.000
+0.000
+0.000
+1.389
+0.000
+0.000
+0.000
+0.000
+1.117
+0.000
+0.000
+0.000
+0.000
+1.269
+0.000
+0.000
+0.000
+0.000
+1.762
+0.000
+0.000
+0.000
+0.000
+5.260
+0.000
+0.000
+0.000
+0.000
+3.385
+0.000
+0.000
+0.000
+0.000
+2.169
+0.000
+0.000
+0.000
+0.000
+1.116
+0.000
+0.000
+0.000
+0.000
+0.301
+0.000
+0.000
+0.000
+0.000
+0.028
+0.000
+0.000
+0.000
+0.000
-0.079
+0.000
+0.000
+0.000
+0.000
-0.114
+0.000
+0.000
+0.000
+0.000
-0.118
+0.000
+0.000
+0.000
+0.000
-0.060
+0.000
+0.000
+0.000
+0.000
+0.034
+0.000
+0.000
+0.000
+0.000
+1.194
+0.000
+0.000
+0.000
+0.000
+0.614
+0.000
+0.000
+0.000
+0.000
+0.424
+0.000
+0.000
+0.000
+0.000
+0.336
+0.000
+0.000
+0.000
+0.000
+0.273
+0.000
+0.000
+0.000
+0.000
+0.219
+0.000
+0.000
+0.000
+0.000
+0.172
+0.000
+0.000
+0.000
+0.000
+0.132
+0.000
+0.000
+0.000
+0.000
+0.099
+0.000
+0.000
+0.000
+0.000
+0.076
+0.000
+0.000
+0.000
+0.000
+0.051
+0.000
+0.000
+0.000
+0.000
+0.026
+0.000
+0.000
+0.000
+0.000
-0.004
+0.000
+0.000
+0.000
+0.000
-0.079
+0.000
+0.000
+0.000
+0.000
-0.717
+0.000
+0.000
+0.000
+0.000
-0.215
+0.000
+0.000
+0.000
+0.000
+0.074
+0.000
+0.000
+0.000
+0.000
+0.243
+0.000
+0.000
+0.000
+0.000
+0.693
+0.000
+0.000
+0.000
+0.000
+10.49
+0.000
+0.000
+0.000
+0.000
+0.582
+0.000
+0.000
+0.000
+0.000
+0.246
+0.000
+0.000
+0.000
+0.000
+0.163
+0.000
+0.000
+0.000
+0.000
+0.138
+0.000
+0.000
+0.000
+0.000
+0.126
+0.000
+0.000
+0.000
+0.000
+0.121
+0.000
+0.000
+0.000
+0.000
+0.121
+0.000
+0.000
+0.000
+0.000
+0.124
+0.000
+0.000
+0.000
+0.000
+0.127
+0.000
+0.000
+0.000
+0.000
+0.125
+0.000
+0.000
+0.000
+0.000
+0.133
+0.000
+0.000
+0.000
+0.000
+0.117
+0.000
+0.000
+0.000
+0.000
-0.181
+0.000
+0.000
+0.000
+0.000
-0.130
+0.000
+0.000
+0.000
+0.000
-0.112
+0.000
+0.000
+0.000
+0.000
-0.111
+0.000
+0.000
+0.000
+0.000
-0.105
+0.000
+0.000
+0.000
+0.000
-0.095
+0.000
+0.000
+0.000
+0.000
-0.089
+0.000
+0.000
+0.000
+0.000
-0.083
+0.000
+0.000
+0.000
+0.000
-0.078
+0.000
+0.000
+0.000
+0.000
-0.078
+0.000
+0.000
+0.000
+0.000
-0.090
+0.000
+0.000
+0.000
+0.000
-0.100
+0.000
+0.000
+0.000
+0.000
-0.104
+0.000
+0.000
+0.000
+0.000
-0.094
+0.000
+0.000
+0.000
+0.000
-0.062
+0.000
+0.000
+0.000
+0.000
-0.018
+0.000
+0.000
+0.000
+0.000
+0.038
+0.000
+0.000
+0.000
+0.000
+0.087
+0.000
+0.000
+0.000
+0.000
+0.107
+0.000
+0.000
+0.000
+0.000
+0.093
+0.000
+0.000
+0.000
+0.000
+0.064
+0.000
+0.000
+0.000
+0.000
+0.033
+0.000
+0.000
+0.000
+0.000
+0.004
+0.000
+0.000
+0.000
+0.000
-0.024
+0.000
+0.000
+0.000
+0.000
-0.047
+0.000
+0.000
+0.000
+0.000
-0.064
+0.000
+0.000
+0.000
+0.000
-0.070
+0.000
+0.000
+0.000
+0.000
-0.069
+0.000
+0.000
+0.000
+0.000
-0.079
+0.000
+0.000
+0.000
+0.000
-0.102
+0.000
+0.000
+0.000
+0.000
-0.136
+0.000
+0.000
+0.000
+0.000
-0.187
+0.000
+0.000
+0.000
+0.000
-0.296
+0.000
+0.000
+0.000
+0.000
-0.503
+0.000
+0.000
+0.000
+0.000
-0.863
+0.000
+0.000
+0.000
+0.000
-2.120
+0.000
+0.000
+0.000
+0.000
-3.491
+0.000
+0.000
+0.000
+0.000
-1.123
+0.000
+0.000
+0.000
+0.000
-0.371
+0.000
+0.000
+0.000
+0.000
-0.159
+0.000
+0.000
+0.000
+0.000
-0.084
+0.000
+0.000
+0.000
+0.000
-0.054
+0.000
+0.000
+0.000
+0.000
-0.034
+0.000
+0.000
+0.000
+0.000
-0.031
+0.000
+0.000
+0.000
+0.000
-0.055
+0.000
+0.000
+0.000
+0.000
-0.106
+0.000
+0.000
+0.000
+0.000
-0.172
+0.000
+0.000
+0.000
+0.000
-0.238
+0.000
+0.000
+0.000
+0.000
-0.346
+0.000
+0.000
+0.000
+0.000
-0.505
+0.000
+0.000
+0.000
+0.000
-0.952
+0.000
+0.000
+0.000
+0.000
-2.184
+0.000
+0.000
+0.000
+0.000
-2.942
+0.000
+0.000
+0.000
+0.000
-1.089
+0.000
+0.000
+0.000
+0.000
-0.394
+0.000
+0.000
+0.000
+0.000
-0.190
+0.000
+0.000
+0.000
+0.000
-0.082
+0.000
+0.000
+0.000
+0.000
-0.022
+0.000
+0.000
+0.000
+0.000
-0.017
+0.000
+0.000
+0.000
+0.000
-0.019
+0.000
+0.000
+0.000
+0.000
-0.027
+0.000
+0.000
+0.000
+0.000
-0.033
+0.000
+0.000
+0.000
+0.000
-0.040
+0.000
+0.000
+0.000
+0.000
-0.047
+0.000
+0.000
+0.000
+0.000
-0.062
+0.000
+0.000
+0.000
+0.000
-0.082
+0.000
+0.000
+0.000
+0.000
-0.100
+0.000
+0.000
+0.000
+0.000
-0.099
+0.000
+0.000
+0.000
+0.000
-0.089
+0.000
+0.000
+0.000
+0.000
-0.048
+0.000
+0.000
+0.000
+0.000
+1.658
+0.000
+0.000
+0.000
+0.000
+0.314
+0.000
+0.000
+0.000
+0.000
+0.262
+0.000
+0.000
+0.000
+0.000
+0.250
+0.000
+0.000
+0.000
+0.000
+0.247
+0.000
+0.000
+0.000
+0.000
+0.252
+0.000
+0.000
+0.000
+0.000
+0.279
+0.000
+0.000
+0.000
+0.000
+0.375
+0.000
+0.000
+0.000
+0.000
+0.554
+0.000
+0.000
+0.000
+0.000
+0.805
+0.000
+0.000
+0.000
+0.000
-0.078
+0.000
+0.000
+0.000
+0.000
-0.136
+0.000
+0.000
+0.000
+0.000
-0.164
+0.000
+0.000
+0.000
+0.000
-0.182
+0.000
+0.000
+0.000
+0.000
-0.189
+0.000
+0.000
+0.000
+0.000
-0.186
+0.000
+0.000
+0.000
+0.000
-0.181
+0.000
+0.000
+0.000
+0.000
-0.170
+0.000
+0.000
+0.000
+0.000
-0.154
+0.000
+0.000
+0.000
+0.000
-0.144
+0.000
+0.000
+0.000
+0.000
-0.135
+0.000
+0.000
+0.000
+0.000
-0.127
+0.000
+0.000
+0.000
+0.000
-0.126
+0.000
+0.000
+0.000
+0.000
-0.125
+0.000
+0.000
+0.000
+0.000
-0.125
+0.000
+0.000
+0.000
+0.000
-0.127
+0.000
+0.000
+0.000
+0.000
-0.131
+0.000
+0.000
+0.000
+0.000
-0.136
+0.000
+0.000
+0.000
+0.000
-0.127
+0.000
+0.000
+0.000
+0.000
+0.036
+0.000
+0.000
+0.000
+0.000
+0.202
+0.000
+0.000
+0.000
+0.000
+0.151
+0.000
+0.000
+0.000
+0.000
+0.142
+0.000
+0.000
+0.000
+0.000
+0.139
+0.000
+0.000
+0.000
+0.000
+0.128
+0.000
+0.000
+0.000
+0.000
+0.117
+0.000
+0.000
+0.000
+0.000
+0.088
+0.000
+0.000
+0.000
+0.000
+0.048
+0.000
+0.000
+0.000
+0.000
+0.009
+0.000
+0.000
+0.000
+0.000
-0.035
+0.000
+0.000
+0.000
+0.000
-0.081
+0.000
+0.000
+0.000
+0.000
-0.133
+0.000
+0.000
+0.000
+0.000
-0.230
+0.000
+0.000
+0.000
+0.000
-0.494
+0.000
+0.000
+0.000
+0.000
-2.454
+0.000
+0.000
+0.000
+0.000
-1.835
+0.000
+0.000
+0.000
+0.000
-1.251
+0.000
+0.000
+0.000
+0.000
-2.407
+0.000
+0.000
+0.000
+0.000
-1.711
+0.000
+0.000
+0.000
+0.000
-0.260
+0.000
+0.000
+0.000
+0.000
-0.086
+0.000
+0.000
+0.000
+0.000
-0.044
+0.000
+0.000
+0.000
+0.000
-0.022
+0.000
+0.000
+0.000
+0.000
-0.002
+0.000
+0.000
+0.000
+0.000
+0.016
+0.000
+0.000
+0.000
+0.000
+0.024
+0.000
+0.000
+0.000
+0.000
+0.018
+0.000
+0.000
+0.000
+0.000
+0.007
+0.000
+0.000
+0.000
+0.000
-0.015
+0.000
+0.000
+0.000
+0.000
-0.062
+0.000
+0.000
+0.000
+0.000
-0.119
+0.000
+0.000
+0.000
+0.000
-0.147
+0.000
+0.000
+0.000
+0.000
-0.161
+0.000
+0.000
+0.000
+0.000
-0.184
+0.000
+0.000
+0.000
+0.000
-0.218
+0.000
+0.000
+0.000
+0.000
-0.279
+0.000
+0.000
+0.000
+0.000
-0.356
+0.000
+0.000
+0.000
+0.000
-0.421
+0.000
+0.000
+0.000
+0.000
-0.453
+0.000
+0.000
+0.000
+0.000
-0.544
+0.000
+0.000
+0.000
+0.000
-0.727
+0.000
+0.000
+0.000
+0.000
-0.723
+0.000
+0.000
+0.000
+0.000
-0.536
+0.000
+0.000
+0.000
+0.000
-0.298
+0.000
+0.000
+0.000
+0.000
-0.139
+0.000
+0.000
+0.000
+0.000
-0.045
+0.000
+0.000
+0.000
+0.000
+0.011
+0.000
+0.000
+0.000
+0.000
+0.064
+0.000
+0.000
+0.000
+0.000
+0.107
+0.000
+0.000
+0.000
+0.000
+0.141
+0.000
+0.000
+0.000
+0.000
+0.162
+0.000
+0.000
+0.000
+0.000
+0.075
+0.000
+0.000
+0.000
+0.000
-0.226
+0.000
+0.000
+0.000
+0.000
-2.094
+0.000
+0.000
+0.000
+0.000
-3.205
+0.000
+0.000
+0.000
+0.000
-0.974
+0.000
+0.000
+0.000
+0.000
-0.678
+0.000
+0.000
+0.000
+0.000
-0.607
+0.000
+0.000
+0.000
+0.000
-0.680
+0.000
+0.000
+0.000
+0.000
-0.880
+0.000
+0.000
+0.000
+0.000
-1.246
+0.000
+0.000
+0.000
+0.000
-1.715
+0.000
+0.000
+0.000
+0.000
-2.145
+0.000
+0.000
+0.000
+0.000
-19.90
+0.000
+0.000
+0.000
+0.000
-2.566
+0.000
+0.000
+0.000
+0.000
-1.102
+0.000
+0.000
+0.000
+0.000
-0.648
+0.000
+0.000
+0.000
+0.000
-0.509
+0.000
+0.000
+0.000
+0.000
-0.435
+0.000
+0.000
+0.000
+0.000
-0.329
+0.000
+0.000
+0.000
+0.000
-0.270
+0.000
+0.000
+0.000
+0.000
-0.234
+0.000
+0.000
+0.000
+0.000
-0.227
+0.000
+0.000
+0.000
+0.000
-0.228
+0.000
+0.000
+0.000
+0.000
-0.216
+0.000
+0.000
+0.000
+0.000
-0.221
+0.000
+0.000
+0.000
+0.000
-0.239
+0.000
+0.000
+0.000
+0.000
-0.317
+0.000
+0.000
+0.000
+0.000
-0.544
+0.000
+0.000
+0.000
+0.000
-3.420
+0.000
+0.000
+0.000
+0.000
-1.192
+0.000
+0.000
+0.000
+0.000
-0.535
+0.000
+0.000
+0.000
+0.000
-0.401
+0.000
+0.000
+0.000
+0.000
-0.339
+0.000
+0.000
+0.000
+0.000
-0.291
+0.000
+0.000
+0.000
+0.000
-0.261
+0.000
+0.000
+0.000
+0.000
