+0.000
+0.000
+0.000
+0.000
+0.000
+1.341
+0.000
+0.000
+0.000
+0.000
+0.651
+0.000
+0.000
+0.000
+0.000
+0.628
+0.000
+0.000
+0.000
+0.000
-0.045
+0.000
+0.000
+0.000
+0.000
-0.128
+0.000
+0.000
+0.000
+0.000
-0.372
+0.000
+0.000
+0.000
+0.000
-0.457
+0.000
+0.000
+0.000
+0.000
-0.536
+0.000
+0.000
+0.000
+0.000
-0.611
+0.000
+0.000
+0.000
+0.000
-0.417
+0.000
+0.000
+0.000
+0.000
-0.400
+0.000
+0.000
+0.000
+0.000
-0.373
+0.000
+0.000
+0.000
+0.000
+0.032
+0.000
+0.000
+0.000
+0.000
+0.197
+0.000
+0.000
+0.000
+0.000
+0.390
+0.000
+0.000
+0.000
+0.000
+0.613
+0.000
+0.000
+0.000
+0.000
+0.866
+0.000
+0.000
+0.000
+0.000
+1.125
+0.000
+0.000
+0.000
+0.000
+1.340
+0.000
+0.000
+0.000
+0.000
+1.590
+0.000
+0.000
+0.000
+0.000
+1.134
+0.000
+0.000
+0.000
+0.000
+1.053
+0.000
+0.000
+0.000
+0.000
+0.405
+0.000
+0.000
+0.000
+0.000
+0.235
+0.000
+0.000
+0.000
+0.000
-0.010
+0.000
+0.000
+0.000
+0.000
-0.161
+0.000
+0.000
+0.000
+0.000
-0.286
+0.000
+0.000
+0.000
+0.000
-0.306
+0.000
+0.000
+0.000
+0.000
-0.397
+0.000
+0.000
+0.000
+0.000
-0.432
+0.000
+0.000
+0.000
+0.000
-0.454
+0.000
+0.000
+0.000
+0.000
-0.420
+0.000
+0.000
+0.000
+0.000
-0.329
+0.000
+0.000
+0.000
+0.000
-0.199
+0.000
+0.000
+0.000
+0.000
-0.072
+0.000
+0.000
+0.000
+0.000
+0.170
+0.000
+0.000
+0.000
+0.000
+0.439
+0.000
+0.000
+0.000
+0.000
+0.693
+0.000
+0.000
+0.000
+0.000
+1.040
+0.000
+0.000
+0.000
+0.000
+1.277
+0.000
+0.000
+0.000
+0.000
+1.216
+0.000
+0.000
+0.000
+0.000
+1.207
+0.000
+0.000
+0.000
+0.000
+1.172
+0.000
+0.000
+0.000
+0.000
+1.100
+0.000
+0.000
+0.000
+0.000
+0.972
+0.000
+0.000
+0.000
+0.000
+0.834
+0.000
+0.000
+0.000
+0.000
+0.432
+0.000
+0.000
+0.000
+0.000
+0.116
+0.000
+0.000
+0.000
+0.000
-0.130
+0.000
+0.000
+0.000
+0.000
-0.182
+0.000
+0.000
+0.000
+0.000
-0.304
+0.000
+0.000
+0.000
+0.000
-0.407
+0.000
+0.000
+0.000
+0.000
-0.578
+0.000
+0.000
+0.000
+0.000
-0.684
+0.000
+0.000
+0.000
+0.000
-0.761
+0.000
+0.000
+0.000
+0.000
-0.778
+0.000
+0.000
+0.000
+0.000
-0.770
+0.000
+0.000
+0.000
+0.000
-0.437
+0.000
+0.000
+0.000
+0.000
-0.225
+0.000
+0.000
+0.000
+0.000
+0.228
+0.000
+0.000
+0.000
+0.000
+0.510
+0.000
+0.000
+0.000
+0.000
+0.758
+0.000
+0.000
+0.000
+0.000
+0.925
+0.000
+0.000
+0.000
+0.000
+1.024
+0.000
+0.000
+0.000
+0.000
+1.069
+0.000
+0.000
+0.000
+0.000
+1.091
+0.000
+0.000
+0.000
+0.000
+0.928
+0.000
+0.000
+0.000
+0.000
+1.234
+0.000
+0.000
+0.000
+0.000
+1.248
+0.000
+0.000
+0.000
+0.000
+1.170
+0.000
+0.000
+0.000
+0.000
+1.040
+0.000
+0.000
+0.000
+0.000
+0.885
+0.000
+0.000
+0.000
+0.000
+0.682
+0.000
+0.000
+0.000
+0.000
+0.437
+0.000
+0.000
+0.000
+0.000
+0.232
+0.000
+0.000
+0.000
+0.000
-0.022
+0.000
+0.000
+0.000
+0.000
-0.160
+0.000
+0.000
+0.000
+0.000
-0.273
+0.000
+0.000
+0.000
+0.000
-0.360
+0.000
+0.000
+0.000
+0.000
-0.338
+0.000
+0.000
+0.000
+0.000
-0.239
+0.000
+0.000
+0.000
+0.000
-0.132
+0.000
+0.000
+0.000
+0.000
-0.053
+0.000
+0.000
+0.000
+0.000
+0.068
+0.000
+0.000
+0.000
+0.000
-0.252
+0.000
+0.000
+0.000
+0.000
-0.247
+0.000
+0.000
+0.000
+0.000
-0.222
+0.000
+0.000
+0.000
+0.000
-0.273
+0.000
+0.000
+0.000
+0.000
-0.321
+0.000
+0.000
+0.000
+0.000
-0.349
+0.000
+0.000
+0.000
+0.000
-0.433
+0.000
+0.000
+0.000
+0.000
-0.541
+0.000
+0.000
+0.000
+0.000
-0.660
+0.000
+0.000
+0.000
+0.000
-0.686
+0.000
+0.000
+0.000
+0.000
-0.715
+0.000
+0.000
+0.000
+0.000
-0.716
+0.000
+0.000
+0.000
+0.000
-0.700
+0.000
+0.000
+0.000
+0.000
-0.706
+0.000
+0.000
+0.000
+0.000
-0.681
+0.000
+0.000
+0.000
+0.000
-0.644
+0.000
+0.000
+0.000
+0.000
-0.623
+0.000
+0.000
+0.000
+0.000
-0.813
+0.000
+0.000
+0.000
+0.000
-0.534
+0.000
+0.000
+0.000
+0.000
-0.371
+0.000
+0.000
+0.000
+0.000
-0.243
+0.000
+0.000
+0.000
+0.000
-0.142
+0.000
+0.000
+0.000
+0.000
-0.126
+0.000
+0.000
+0.000
+0.000
-0.232
+0.000
+0.000
+0.000
+0.000
-0.388
+0.000
+0.000
+0.000
+0.000
-0.498
+0.000
+0.000
+0.000
+0.000
-0.484
+0.000
+0.000
+0.000
+0.000
-0.445
+0.000
+0.000
+0.000
+0.000
-0.411
+0.000
+0.000
+0.000
+0.000
-0.384
+0.000
+0.000
+0.000
+0.000
-0.360
+0.000
+0.000
+0.000
+0.000
-0.336
+0.000
+0.000
+0.000
+0.000
-0.281
+0.000
+0.000
+0.000
+0.000
-0.177
+0.000
+0.000
+0.000
+0.000
+0.010
+0.000
+0.000
+0.000
+0.000
-0.001
+0.000
+0.000
+0.000
+0.000
+0.146
+0.000
+0.000
+0.000
+0.000
+0.258
+0.000
+0.000
+0.000
+0.000
+0.246
+0.000
+0.000
+0.000
+0.000
+0.139
+0.000
+0.000
+0.000
+0.000
+0.060
+0.000
+0.000
+0.000
+0.000
-0.002
+0.000
+0.000
+0.000
+0.000
-0.043
+0.000
+0.000
+0.000
+0.000
-0.070
+0.000
+0.000
+0.000
+0.000
-0.037
+0.000
+0.000
+0.000
+0.000
-0.065
+0.000
+0.000
+0.000
+0.000
-0.101
+0.000
+0.000
+0.000
+0.000
-0.082
+0.000
+0.000
+0.000
+0.000
-0.052
+0.000
+0.000
+0.000
+0.000
-0.009
+0.000
+0.000
+0.000
+0.000
+0.050
+0.000
+0.000
+0.000
+0.000
+0.125
+0.000
+0.000
+0.000
+0.000
+0.211
+0.000
+0.000
+0.000
+0.000
+0.481
+0.000
+0.000
+0.000
+0.000
+0.580
+0.000
+0.000
+0.000
+0.000
+0.631
+0.000
+0.000
+0.000
+0.000
+0.709
+0.000
+0.000
+0.000
+0.000
+0.795
+0.000
+0.000
+0.000
+0.000
+0.907
+0.000
+0.000
+0.000
+0.000
+1.007
+0.000
+0.000
+0.000
+0.000
+1.033
+0.000
+0.000
+0.000
+0.000
+0.940
+0.000
+0.000
+0.000
+0.000
+0.870
+0.000
+0.000
+0.000
+0.000
+0.891
+0.000
+0.000
+0.000
+0.000
+0.816
+0.000
+0.000
+0.000
+0.000
+0.708
+0.000
+0.000
+0.000
+0.000
+0.623
+0.000
+0.000
+0.000
+0.000
+0.502
+0.000
+0.000
+0.000
+0.000
+0.354
+0.000
+0.000
+0.000
+0.000
+0.244
+0.000
+0.000
+0.000
+0.000
+0.176
+0.000
+0.000
+0.000
+0.000
+0.156
+0.000
+0.000
+0.000
+0.000
+0.177
+0.000
+0.000
+0.000
+0.000
+0.272
+0.000
+0.000
+0.000
+0.000
+0.395
+0.000
+0.000
+0.000
+0.000
+0.628
+0.000
+0.000
+0.000
+0.000
+0.889
+0.000
+0.000
+0.000
+0.000
+1.119
+0.000
+0.000
+0.000
+0.000
+1.275
+0.000
+0.000
+0.000
+0.000
+1.405
+0.000
+0.000
+0.000
+0.000
+1.408
+0.000
+0.000
+0.000
+0.000
+1.393
+0.000
+0.000
+0.000
+0.000
+1.333
+0.000
+0.000
+0.000
+0.000
+1.227
+0.000
+0.000
+0.000
+0.000
+1.085
+0.000
+0.000
+0.000
+0.000
+0.789
+0.000
+0.000
+0.000
+0.000
+0.447
+0.000
+0.000
+0.000
+0.000
+0.138
+0.000
+0.000
+0.000
+0.000
-0.168
+0.000
+0.000
+0.000
+0.000
-0.363
+0.000
+0.000
+0.000
+0.000
-0.494
+0.000
+0.000
+0.000
+0.000
-0.560
+0.000
+0.000
+0.000
+0.000
-0.490
+0.000
+0.000
+0.000
+0.000
-0.369
+0.000
+0.000
+0.000
+0.000
-0.183
+0.000
+0.000
+0.000
+0.000
-0.027
+0.000
+0.000
+0.000
+0.000
+0.283
+0.000
+0.000
+0.000
+0.000
+0.466
+0.000
+0.000
+0.000
+0.000
+0.658
+0.000
+0.000
+0.000
+0.000
+0.832
+0.000
+0.000
+0.000
+0.000
+0.995
+0.000
+0.000
+0.000
+0.000
+1.093
+0.000
+0.000
+0.000
+0.000
+1.162
+0.000
+0.000
+0.000
+0.000
+1.200
+0.000
+0.000
+0.000
+0.000
+1.029
+0.000
+0.000
+0.000
+0.000
+0.787
+0.000
+0.000
+0.000
+0.000
+0.506
+0.000
+0.000
+0.000
+0.000
+0.257
+0.000
+0.000
+0.000
+0.000
+0.064
+0.000
+0.000
+0.000
+0.000
-0.061
+0.000
+0.000
+0.000
+0.000
-0.190
+0.000
+0.000
+0.000
+0.000
-0.206
+0.000
+0.000
+0.000
+0.000
-0.154
+0.000
+0.000
+0.000
+0.000
-0.088
+0.000
+0.000
+0.000
+0.000
+0.034
+0.000
+0.000
+0.000
+0.000
+0.199
+0.000
+0.000
+0.000
+0.000
+0.437
+0.000
+0.000
+0.000
+0.000
+0.600
+0.000
+0.000
+0.000
+0.000
+0.729
+0.000
+0.000
+0.000
+0.000
+0.847
+0.000
+0.000
+0.000
+0.000
+0.823
+0.000
+0.000
+0.000
+0.000
+0.709
+0.000
+0.000
+0.000
+0.000
+0.570
+0.000
+0.000
+0.000
+0.000
+0.301
+0.000
+0.000
+0.000
+0.000
-0.059
+0.000
+0.000
+0.000
+0.000
-0.405
+0.000
+0.000
+0.000
+0.000
-0.671
+0.000
+0.000
+0.000
+0.000
-0.862
+0.000
+0.000
+0.000
+0.000
-0.980
+0.000
+0.000
+0.000
+0.000
-0.942
+0.000
+0.000
+0.000
+0.000
-0.952
+0.000
+0.000
+0.000
+0.000
-0.876
+0.000
+0.000
+0.000
+0.000
-0.742
+0.000
+0.000
+0.000
+0.000
-0.595
+0.000
+0.000
+0.000
+0.000
-0.427
+0.000
+0.000
+0.000
+0.000
-0.224
+0.000
+0.000
+0.000
+0.000
-0.010
+0.000
+0.000
+0.000
+0.000
+0.233
+0.000
+0.000
+0.000
+0.000
+0.492
+0.000
+0.000
+0.000
+0.000
+0.799
+0.000
+0.000
+0.000
+0.000
+0.941
+0.000
+0.000
+0.000
+0.000
+1.018
+0.000
+0.000
+0.000
+0.000
+1.050
+0.000
+0.000
+0.000
+0.000
+1.004
+0.000
+0.000
+0.000
+0.000
+0.901
+0.000
+0.000
+0.000
+0.000
+0.915
+0.000
+0.000
+0.000
+0.000
+0.858
+0.000
+0.000
+0.000
+0.000
+0.805
+0.000
+0.000
+0.000
+0.000
+0.767
+0.000
+0.000
+0.000
+0.000
+0.690
+0.000
+0.000
+0.000
+0.000
-0.248
+0.000
+0.000
+0.000
+0.000
-0.368
+0.000
+0.000
+0.000
+0.000
-0.499
+0.000
+0.000
+0.000
+0.000
-0.623
+0.000
+0.000
+0.000
+0.000
-0.681
+0.000
+0.000
+0.000
+0.000
-0.733
+0.000
+0.000
+0.000
+0.000
-0.734
+0.000
+0.000
+0.000
+0.000
-0.660
+0.000
+0.000
+0.000
+0.000
-0.620
+0.000
+0.000
+0.000
+0.000
-0.560
+0.000
+0.000
+0.000
+0.000
-0.374
+0.000
+0.000
+0.000
+0.000
-0.116
+0.000
+0.000
+0.000
+0.000
+0.133
+0.000
+0.000
+0.000
+0.000
+0.363
+0.000
+0.000
+0.000
+0.000
+0.611
+0.000
+0.000
+0.000
+0.000
+0.808
+0.000
+0.000
+0.000
+0.000
+0.980
+0.000
+0.000
+0.000
+0.000
+1.032
+0.000
+0.000
+0.000
+0.000
+1.052
+0.000
+0.000
+0.000
+0.000
+0.883
+0.000
+0.000
+0.000
+0.000
+0.730
+0.000
+0.000
+0.000
+0.000
+0.597
+0.000
+0.000
+0.000
+0.000
+0.471
+0.000
+0.000
+0.000
+0.000
+0.369
+0.000
+0.000
+0.000
+0.000
+0.328
+0.000
+0.000
+0.000
+0.000
+0.262
+0.000
+0.000
+0.000
+0.000
+0.153
+0.000
+0.000
+0.000
+0.000
+0.028
+0.000
+0.000
+0.000
+0.000
-0.113
+0.000
+0.000
+0.000
+0.000
-0.272
+0.000
+0.000
+0.000
+0.000
-0.449
+0.000
+0.000
+0.000
+0.000
-0.424
+0.000
+0.000
+0.000
+0.000
-0.307
+0.000
+0.000
+0.000
+0.000
-0.134
+0.000
+0.000
+0.000
+0.000
-0.083
+0.000
+0.000
+0.000
+0.000
-0.063
+0.000
+0.000
+0.000
+0.000
+0.102
+0.000
+0.000
+0.000
+0.000
+0.488
+0.000
+0.000
+0.000
+0.000
+0.889
+0.000
+0.000
+0.000
+0.000
+1.296
+0.000
+0.000
+0.000
+0.000
+1.572
+0.000
+0.000
+0.000
+0.000
+1.691
+0.000
+0.000
+0.000
+0.000
+1.423
+0.000
+0.000
+0.000
+0.000
+1.187
+0.000
+0.000
+0.000
+0.000
+0.890
+0.000
+0.000
+0.000
+0.000
+0.585
+0.000
+0.000
+0.000
+0.000
+0.390
+0.000
+0.000
+0.000
+0.000
+0.304
+0.000
+0.000
+0.000
+0.000
+0.207
+0.000
+0.000
+0.000
+0.000
+0.150
+0.000
+0.000
+0.000
+0.000
+0.185
+0.000
+0.000
+0.000
+0.000
+0.329
+0.000
+0.000
+0.000
+0.000
+0.520
+0.000
+0.000
+0.000
+0.000
+0.753
+0.000
+0.000
+0.000
+0.000
+1.133
+0.000
+0.000
+0.000
+0.000
+1.497
+0.000
+0.000
+0.000
+0.000
+1.490
+0.000
+0.000
+0.000
+0.000
+1.146
+0.000
+0.000
+0.000
+0.000
+0.797
+0.000
+0.000
+0.000
+0.000
+0.510
+0.000
+0.000
+0.000
+0.000
+0.134
+0.000
+0.000
+0.000
+0.000
-0.127
+0.000
+0.000
+0.000
+0.000
-0.331
+0.000
+0.000
+0.000
+0.000
-0.500
+0.000
+0.000
+0.000
+0.000
-0.586
+0.000
+0.000
+0.000
+0.000
-0.649
+0.000
+0.000
+0.000
+0.000
-0.681
+0.000
+0.000
+0.000
+0.000
-0.665
+0.000
+0.000
+0.000
+0.000
-0.595
+0.000
+0.000
+0.000
+0.000
-0.390
+0.000
+0.000
+0.000
+0.000
-0.149
+0.000
+0.000
+0.000
+0.000
+0.036
+0.000
+0.000
+0.000
+0.000
+0.239
+0.000
+0.000
+0.000
+0.000
+0.486
+0.000
+0.000
+0.000
+0.000
+0.939
+0.000
+0.000
+0.000
+0.000
+1.258
+0.000
+0.000
+0.000
+0.000
+1.661
+0.000
+0.000
+0.000
+0.000
+1.833
+0.000
+0.000
+0.000
+0.000
+1.939
+0.000
+0.000
+0.000
+0.000
+1.833
+0.000
+0.000
+0.000
+0.000
+1.643
+0.000
+0.000
+0.000
+0.000
+1.462
+0.000
+0.000
+0.000
+0.000
+1.235
+0.000
+0.000
+0.000
+0.000
+1.025
+0.000
+0.000
+0.000
+0.000
+0.801
+0.000
+0.000
+0.000
+0.000
+0.517
+0.000
+0.000
+0.000
+0.000
+0.314
+0.000
+0.000
+0.000
+0.000
+0.110
+0.000
+0.000
+0.000
+0.000
-0.121
+0.000
+0.000
+0.000
+0.000
-0.250
+0.000
+0.000
+0.000
+0.000
-0.290
+0.000
+0.000
+0.000
+0.000
-0.293
+0.000
+0.000
+0.000
+0.000
-0.271
+0.000
+0.000
+0.000
+0.000
-0.198
+0.000
+0.000
+0.000
+0.000
-0.056
+0.000
+0.000
+0.000
+0.000
+0.123
+0.000
+0.000
+0.000
+0.000
+0.332
+0.000
+0.000
+0.000
+0.000
+0.609
+0.000
+0.000
+0.000
+0.000
+0.957
+0.000
+0.000
+0.000
+0.000
+1.093
+0.000
+0.000
+0.000
+0.000
+0.730
+0.000
+0.000
+0.000
+0.000
+0.457
+0.000
+0.000
+0.000
+0.000
+0.036
+0.000
+0.000
+0.000
+0.000
-0.231
+0.000
+0.000
+0.000
+0.000
-0.523
+0.000
+0.000
+0.000
+0.000
-0.731
+0.000
+0.000
+0.000
+0.000
-0.888
+0.000
+0.000
+0.000
+0.000
-0.913
+0.000
+0.000
+0.000
+0.000
-0.832
+0.000
+0.000
+0.000
+0.000
-0.726
+0.000
+0.000
+0.000
+0.000
-0.609
+0.000
+0.000
+0.000
+0.000
-0.481
+0.000
+0.000
+0.000
+0.000
-0.341
+0.000
+0.000
+0.000
+0.000
-0.175
+0.000
+0.000
+0.000
+0.000
-0.039
+0.000
+0.000
+0.000
+0.000
+0.118
+0.000
+0.000
+0.000
+0.000
+0.404
+0.000
+0.000
+0.000
+0.000
+0.573
+0.000
+0.000
+0.000
+0.000
+0.760
+0.000
+0.000
+0.000
+0.000
+0.889
+0.000
+0.000
+0.000
+0.000
+1.085
+0.000
+0.000
+0.000
+0.000
+1.236
+0.000
+0.000
+0.000
+0.000
+1.351
+0.000
+0.000
+0.000
+0.000
+0.238
+0.000
+0.000
+0.000
+0.000
+0.011
+0.000
+0.000
+0.000
+0.000
-0.223
+0.000
+0.000
+0.000
+0.000
-0.432
+0.000
+0.000
+0.000
+0.000
-0.617
+0.000
+0.000
+0.000
+0.000
-0.817
+0.000
+0.000
+0.000
+0.000
-0.788
+0.000
+0.000
+0.000
+0.000
-0.893
+0.000
+0.000
+0.000
+0.000
-1.003
+0.000
+0.000
+0.000
+0.000
-1.080
+0.000
+0.000
+0.000
+0.000
-1.121
+0.000
+0.000
+0.000
+0.000
-1.127
+0.000
+0.000
+0.000
+0.000
-1.067
+0.000
+0.000
+0.000
+0.000
-0.456
+0.000
+0.000
+0.000
+0.000
-0.104
+0.000
+0.000
+0.000
+0.000
+0.207
+0.000
+0.000
+0.000
+0.000
+0.500
+0.000
+0.000
+0.000
+0.000
+0.797
+0.000
+0.000
+0.000
+0.000
+1.123
+0.000
+0.000
+0.000
+0.000
+1.497
+0.000
+0.000
+0.000
+0.000
+1.897
+0.000
+0.000
+0.000
+0.000
+1.597
+0.000
+0.000
+0.000
+0.000
+1.676
+0.000
+0.000
+0.000
+0.000
+1.453
+0.000
+0.000
+0.000
+0.000
+0.869
+0.000
+0.000
+0.000
+0.000
+0.168
+0.000
+0.000
+0.000
+0.000
-0.600
+0.000
+0.000
+0.000
+0.000
-1.024
+0.000
+0.000
+0.000
+0.000
-1.270
+0.000
+0.000
+0.000
+0.000
-1.347
+0.000
+0.000
+0.000
+0.000
-1.371
+0.000
+0.000
+0.000
+0.000
-1.294
+0.000
+0.000
+0.000
+0.000
-1.191
+0.000
+0.000
+0.000
+0.000
-1.063
+0.000
+0.000
+0.000
+0.000
-0.802
+0.000
+0.000
+0.000
+0.000
-0.599
+0.000
+0.000
+0.000
+0.000
-0.366
+0.000
+0.000
+0.000
+0.000
-0.066
+0.000
+0.000
+0.000
+0.000
+0.281
+0.000
+0.000
+0.000
+0.000
+0.790
+0.000
+0.000
+0.000
+0.000
+1.934
+0.000
+0.000
+0.000
+0.000
+3.101
+0.000
+0.000
+0.000
+0.000
+3.795
+0.000
+0.000
+0.000
+0.000
+5.084
+0.000
+0.000
+0.000
+0.000
+9.728
+0.000
+0.000
+0.000
+0.000
+12.51
+0.000
+0.000
+0.000
+0.000
+37.57
+0.000
+0.000
+0.000
+0.000
+11.31
+0.000
+0.000
+0.000
+0.000
+3.318
+0.000
+0.000
+0.000
+0.000
-7.446
+0.000
+0.000
+0.000
+0.000
-5.825
+0.000
+0.000
+0.000
+0.000
-5.401
+0.000
+0.000
+0.000
+0.000
-4.230
+0.000
+0.000
+0.000
+0.000
-2.693
+0.000
+0.000
+0.000
+0.000
-1.244
+0.000
+0.000
+0.000
+0.000
-0.412
+0.000
+0.000
+0.000
+0.000
-0.019
+0.000
+0.000
+0.000
+0.000
+0.428
+0.000
+0.000
+0.000
+0.000
+1.119
+0.000
+0.000
+0.000
+0.000
+1.659
+0.000
+0.000
+0.000
+0.000
+2.113
+0.000
+0.000
+0.000
+0.000
+2.584
+0.000
+0.000
+0.000
+0.000
+3.062
+0.000
+0.000
+0.000
+0.000
+2.990
+0.000
+0.000
+0.000
+0.000
+2.556
+0.000
+0.000
+0.000
+0.000
+2.095
+0.000
+0.000
+0.000
+0.000
+1.622
+0.000
+0.000
+0.000
+0.000
+1.007
+0.000
+0.000
+0.000
+0.000
+0.393
+0.000
+0.000
+0.000
+0.000
+0.537
+0.000
+0.000
+0.000
+0.000
+0.560
+0.000
+0.000
+0.000
+0.000
+0.684
+0.000
+0.000
+0.000
+0.000
+0.999
+0.000
+0.000
+0.000
+0.000
+1.243
+0.000
+0.000
+0.000
+0.000
+1.398
+0.000
+0.000
+0.000
+0.000
+1.518
+0.000
+0.000
+0.000
+0.000
+1.635
+0.000
+0.000
+0.000
+0.000
+1.616
+0.000
+0.000
+0.000
+0.000
+1.479
+0.000
+0.000
+0.000
+0.000
+1.029
+0.000
+0.000
+0.000
+0.000
+0.446
+0.000
+0.000
+0.000
+0.000
-0.314
+0.000
+0.000
+0.000
+0.000
-0.953
+0.000
+0.000
+0.000
+0.000
-0.758
+0.000
+0.000
+0.000
+0.000
-0.815
+0.000
+0.000
+0.000
+0.000
-1.022
+0.000
+0.000
+0.000
+0.000
-1.020
+0.000
+0.000
+0.000
+0.000
-1.159
+0.000
+0.000
+0.000
+0.000
-1.293
+0.000
+0.000
+0.000
+0.000
-1.416
+0.000
+0.000
+0.000
+0.000
-1.489
+0.000
+0.000
+0.000
+0.000
-1.457
+0.000
+0.000
+0.000
+0.000
-1.238
+0.000
+0.000
+0.000
+0.000
-0.978
+0.000
+0.000
+0.000
+0.000
-0.702
+0.000
+0.000
+0.000
+0.000
-0.419
+0.000
+0.000
+0.000
+0.000
-0.146
+0.000
+0.000
+0.000
+0.000
+0.143
+0.000
+0.000
+0.000
+0.000
+0.432
+0.000
+0.000
+0.000
+0.000
+0.621
+0.000
+0.000
+0.000
+0.000
+0.732
+0.000
+0.000
+0.000
+0.000
+0.656
+0.000
+0.000
+0.000
+0.000
+0.451
+0.000
+0.000
+0.000
+0.000
+0.000
+0.000
+0.000
+0.000
+0.000
-0.900
+0.000
+0.000
+0.000
+0.000
-1.707
+0.000
+0.000
+0.000
+0.000
-1.440
+0.000
+0.000
+0.000
+0.000
-1.216
+0.000
+0.000
+0.000
+0.000
-0.965
+0.000
+0.000
+0.000
+0.000
-0.807
+0.000
+0.000
+0.000
+0.000
-0.706
+0.000
+0.000
+0.000
+0.000
-0.648
+0.000
+0.000
+0.000
+0.000
-0.652
+0.000
+0.000
+0.000
+0.000
-0.766
+0.000
+0.000
+0.000
+0.000
-0.914
+0.000
+0.000
+0.000
+0.000
-1.049
+0.000
+0.000
+0.000
+0.000
-1.193
+0.000
+0.000
+0.000
+0.000
-1.163
+0.000
+0.000
+0.000
+0.000
-1.098
+0.000
+0.000
+0.000
+0.000
-1.023
+0.000
+0.000
+0.000
+0.000
-0.936
+0.000
+0.000
+0.000
+0.000
-0.850
+0.000
+0.000
+0.000
+0.000
-0.747
+0.000
+0.000
+0.000
+0.000
-0.624
+0.000
+0.000
+0.000
+0.000
-0.508
+0.000
+0.000
+0.000
+0.000
-0.389
+0.000
+0.000
+0.000
+0.000
-0.256
+0.000
+0.000
+0.000
+0.000
-0.223
+0.000
+0.000
+0.000
+0.000
-1.312
+0.000
+0.000
+0.000
+0.000
-10.01
+0.000
+0.000
+0.000
+0.000
-80.76
+0.000
+0.000
+0.000
+0.000
-22.83
+0.000
+0.000
+0.000
+0.000
-49.73
+0.000
+0.000
+0.000
+0.000
-9.329
+0.000
+0.000
+0.000
+0.000
-5.104
+0.000
+0.000
+0.000
+0.000
-4.411
+0.000
+0.000
+0.000
+0.000
-4.166
+0.000
+0.000
+0.000
+0.000
-4.499
+0.000
+0.000
+0.000
+0.000
-5.035
+0.000
+0.000
+0.000
+0.000
-4.656
+0.000
+0.000
+0.000
+0.000
-2.479
+0.000
+0.000
+0.000
+0.000
-1.004
+0.000
+0.000
+0.000
+0.000
+0.099
+0.000
+0.000
+0.000
+0.000
+0.717
+0.000
+0.000
+0.000
+0.000
+1.299
+0.000
+0.000
+0.000
+0.000
+1.612
+0.000
+0.000
+0.000
+0.000
+1.809
+0.000
+0.000
+0.000
+0.000
+1.892
+0.000
+0.000
+0.000
+0.000
+1.908
+0.000
+0.000
+0.000
+0.000
+1.861
+0.000
+0.000
+0.000
+0.000
+1.793
+0.000
+0.000
+0.000
+0.000
+1.693
+0.000
+0.000
+0.000
+0.000
+1.506
+0.000
+0.000
+0.000
+0.000
+1.077
+0.000
+0.000
+0.000
+0.000
-0.447
+0.000
+0.000
+0.000
+0.000
-4.334
+0.000
+0.000
+0.000
+0.000
-7.728
+0.000
+0.000
+0.000
+0.000
-6.341
+0.000
+0.000
+0.000
+0.000
-3.873
+0.000
+0.000
+0.000
+0.000
-2.811
+0.000
+0.000
+0.000
+0.000
-2.388
+0.000
+0.000
+0.000
+0.000
-2.289
+0.000
+0.000
+0.000
+0.000
-2.287
+0.000
+0.000
+0.000
+0.000
-2.327
+0.000
+0.000
+0.000
+0.000
-2.304
+0.000
+0.000
+0.000
+0.000
-2.170
+0.000
+0.000
+0.000
+0.000
-2.060
+0.000
+0.000
+0.000
+0.000
-1.939
+0.000
+0.000
+0.000
+0.000
-1.834
+0.000
+0.000
+0.000
+0.000
-1.699
+0.000
+0.000
+0.000
+0.000
-1.587
+0.000
+0.000
+0.000
+0.000
-1.483
+0.000
+0.000
+0.000
+0.000
-1.332
+0.000
+0.000
+0.000
+0.000
-1.221
+0.000
+0.000
+0.000
+0.000
-1.126
+0.000
+0.000
+0.000
+0.000
-1.064
+0.000
+0.000
+0.000
+0.000
-0.996
+0.000
+0.000
+0.000
+0.000
-1.026
+0.000
+0.000
+0.000
+0.000
-1.147
+0.000
+0.000
+0.000
+0.000
-1.310
+0.000
+0.000
+0.000
+0.000
-1.403
+0.000
+0.000
+0.000
+0.000
-1.196
+0.000
+0.000
+0.000
+0.000
-0.738
+0.000
+0.000
+0.000
+0.000
-0.314
+0.000
+0.000
+0.000
+0.000
+0.092
+0.000
+0.000
+0.000
+0.000
+0.651
+0.000
+0.000
+0.000
+0.000
+2.102
+0.000
+0.000
+0.000
+0.000
+3.609
+0.000
+0.000
+0.000
+0.000
+4.384
+0.000
+0.000
+0.000
+0.000
+3.451
+0.000
+0.000
+0.000
+0.000
+2.671
+0.000
+0.000
+0.000
+0.000
+2.334
+0.000
+0.000
+0.000
+0.000
+2.120
+0.000
+0.000
+0.000
+0.000
+1.974
+0.000
+0.000
+0.000
+0.000
+1.783
+0.000
+0.000
+0.000
+0.000
+1.299
+0.000
+0.000
+0.000
+0.000
+0.648
+0.000
+0.000
+0.000
+0.000
-0.306
+0.000
+0.000
+0.000
+0.000
-2.773
+0.000
+0.000
+0.000
+0.000
-14.35
+0.000
+0.000
+0.000
+0.000
-11.48
+0.000
+0.000
+0.000
+0.000
-4.267
+0.000
+0.000
+0.000
+0.000
-2.339
+0.000
+0.000
+0.000
+0.000
-1.705
+0.000
+0.000
+0.000
+0.000
-1.261
+0.000
+0.000
+0.000
+0.000
-0.983
+0.000
+0.000
+0.000
+0.000
-0.782
+0.000
+0.000
+0.000
+0.000
-0.610
+0.000
+0.000
+0.000
+0.000
-0.487
+0.000
+0.000
+0.000
+0.000
-0.391
+0.000
+0.000
+0.000
+0.000
-0.333
+0.000
+0.000
+0.000
+0.000
-0.283
+0.000
+0.000
+0.000
+0.000
-0.022
+0.000
+0.000
+0.000
+0.000
+0.110
+0.000
+0.000
+0.000
+0.000
+0.057
+0.000
+0.000
+0.000
+0.000
+0.570
+0.000
+0.000
+0.000
+0.000
+1.210
+0.000
+0.000
+0.000
+0.000
+1.708
+0.000
+0.000
+0.000
+0.000
+2.103
+0.000
+0.000
+0.000
+0.000
+2.364
+0.000
+0.000
+0.000
+0.000
+2.616
+0.000
+0.000
+0.000
+0.000
+3.106
+0.000
+0.000
+0.000
+0.000
+4.416
+0.000
+0.000
+0.000
+0.000
+9.920
+0.000
+0.000
+0.000
+0.000
+6.008
+0.000
+0.000
+0.000
+0.000
+1.278
+0.000
+0.000
+0.000
+0.000
+0.671
+0.000
+0.000
+0.000
+0.000
+0.257
+0.000
+0.000
+0.000
+0.000
-0.084
+0.000
+0.000
+0.000
+0.000
-0.232
+0.000
+0.000
+0.000
+0.000
-0.305
+0.000
+0.000
+0.000
+0.000
-0.351
+0.000
+0.000
+0.000
+0.000
-0.446
+0.000
+0.000
+0.000
+0.000
-0.928
+0.000
+0.000
+0.000
+0.000
-1.782
+0.000
+0.000
+0.000
+0.000
-3.130
+0.000
+0.000
+0.000
+0.000
-4.590
+0.000
+0.000
+0.000
+0.000
-5.160
+0.000
+0.000
+0.000
+0.000
-4.615
+0.000
+0.000
+0.000
+0.000
-3.667
+0.000
+0.000
+0.000
+0.000
-2.901
+0.000
+0.000
+0.000
+0.000
-2.231
+0.000
+0.000
+0.000
+0.000
-1.736
+0.000
+0.000
+0.000
+0.000
-1.458
+0.000
+0.000
+0.000
+0.000
-1.107
+0.000
+0.000
+0.000
+0.000
-0.656
+0.000
+0.000
+0.000
+0.000
-0.251
+0.000
+0.000
+0.000
+0.000
-0.060
+0.000
+0.000
+0.000
+0.000
+0.149
+0.000
+0.000
+0.000
+0.000
+0.031
+0.000
+0.000
+0.000
+0.000
-13.28
+0.000
+0.000
+0.000
+0.000
-15.79
+0.000
+0.000
+0.000
+0.000
-30.11
+0.000
+0.000
+0.000
+0.000
-23.17
+0.000
+0.000
+0.000
+0.000
-10.69
+0.000
+0.000
+0.000
+0.000
-4.233
+0.000
+0.000
+0.000
+0.000
-2.400
+0.000
+0.000
+0.000
+0.000
-1.282
+0.000
+0.000
+0.000
+0.000
+0.016
+0.000
+0.000
+0.000
+0.000
+1.300
+0.000
+0.000
+0.000
+0.000
+2.114
+0.000
+0.000
+0.000
+0.000
+2.205
+0.000
+0.000
+0.000
+0.000
+3.015
+0.000
+0.000
+0.000
+0.000
+13.16
+0.000
+0.000
+0.000
+0.000
+6.432
+0.000
+0.000
+0.000
+0.000
+1.889
+0.000
+0.000
+0.000
+0.000
+1.104
+0.000
+0.000
+0.000
+0.000
+0.833
+0.000
+0.000
+0.000
+0.000
+0.415
+0.000
+0.000
+0.000
+0.000
-0.227
+0.000
+0.000
+0.000
+0.000
-0.967
+0.000
+0.000
+0.000
+0.000
-2.127
+0.000
+0.000
+0.000
+0.000
-4.440
+0.000
+0.000
+0.000
+0.000
-15.56
+0.000
+0.000
+0.000
+0.000
-19.51
+0.000
+0.000
+0.000
+0.000
-7.474
+0.000
+0.000
+0.000
+0.000
-4.811
+0.000
+0.000
+0.000
+0.000
-3.971
+0.000
+0.000
+0.000
+0.000
-4.460
+0.000
+0.000
+0.000
+0.000
-5.648
+0.000
+0.000
+0.000
+0.000
-7.580
+0.000
+0.000
+0.000
+0.000
-12.58
+0.000
+0.000
+0.000
+0.000
-27.37
+0.000
+0.000
+0.000
+0.000
-141.2
+0.000
+0.000
+0.000
+0.000
-151.8
+0.000
+0.000
+0.000
+0.000
-166.4
+0.000
+0.000
+0.000
+0.000
-1799.
+0.000
+0.000
+0.000
+0.000
-70.78
+0.000
+0.000
+0.000
+0.000
-21.52
+0.000
+0.000
+0.000
+0.000
-11.29
+0.000
+0.000
+0.000
+0.000
-7.508
+0.000
+0.000
+0.000
+0.000
-5.838
+0.000
+0.000
+0.000
+0.000
-4.619
+0.000
+0.000
+0.000
+0.000
-3.808
+0.000
+0.000
+0.000
+0.000
-3.626
+0.000
+0.000
+0.000
+0.000
-4.274
+0.000
+0.000
+0.000
+0.000
-5.532
+0.000
+0.000
+0.000
+0.000
-7.478
+0.000
+0.000
+0.000
+0.000
-9.684
+0.000
+0.000
+0.000
+0.000
-12.67
+0.000
+0.000
+0.000
+0.000
-15.01
+0.000
+0.000
+0.000
+0.000
-19.58
+0.000
+0.000
+0.000
+0.000
-29.89
+0.000
+0.000
+0.000
+0.000
-140.5
+0.000
+0.000
+0.000
+0.000
-56.62
+0.000
+0.000
+0.000
+0.000
-28.50
+0.000
+0.000
+0.000
+0.000
-20.11
+0.000
+0.000
+0.000
+0.000
-17.79
+0.000
+0.000
+0.000
+0.000
-13.73
+0.000
+0.000
+0.000
+0.000
-10.20
+0.000
+0.000
+0.000
+0.000
-7.533
+0.000
+0.000
+0.000
+0.000
-5.799
+0.000
+0.000
+0.000
+0.000
-3.196
+0.000
+0.000
+0.000
+0.000
+5.852
+0.000
+0.000
+0.000
+0.000
+3.259
+0.000
+0.000
+0.000
+0.000
+2.668
+0.000
+0.000
+0.000
+0.000
+2.148
+0.000
+0.000
+0.000
+0.000
+1.813
+0.000
+0.000
+0.000
+0.000
+1.436
+0.000
+0.000
+0.000
+0.000
+0.897
+0.000
+0.000
+0.000
+0.000
-1.543
+0.000
+0.000
+0.000
+0.000
-1.258
+0.000
+0.000
+0.000
+0.000
-1.506
+0.000
+0.000
+0.000
+0.000
-1.900
+0.000
+0.000
+0.000
+0.000
-1.779
+0.000
+0.000
+0.000
+0.000
-1.794
+0.000
+0.000
+0.000
+0.000
-1.896
+0.000
+0.000
+0.000
+0.000
-2.024
+0.000
+0.000
+0.000
+0.000
-2.321
+0.000
+0.000
+0.000
+0.000
-2.593
+0.000
+0.000
+0.000
+0.000
-2.868
+0.000
+0.000
+0.000
+0.000
-2.815
+0.000
+0.000
+0.000
+0.000
-2.679
+0.000
+0.000
+0.000
+0.000
-2.544
+0.000
+0.000
+0.000
+0.000
-2.357
+0.000
+0.000
+0.000
+0.000
-2.178
+0.000
+0.000
+0.000
+0.000
-1.863
+0.000
+0.000
+0.000
+0.000
-1.534
+0.000
+0.000
+0.000
+0.000
-1.174
+0.000
+0.000
+0.000
+0.000
-0.666
+0.000
+0.000
+0.000
+0.000
-0.046
+0.000
+0.000
+0.000
+0.000
+0.543
+0.000
+0.000
+0.000
+0.000
+1.045
+0.000
+0.000
+0.000
+0.000
+1.474
+0.000
+0.000
+0.000
+0.000
+1.654
+0.000
+0.000
+0.000
+0.000
+1.504
+0.000
+0.000
+0.000
+0.000
+1.275
+0.000
+0.000
+0.000
+0.000
+1.028
+0.000
+0.000
+0.000
+0.000
+0.782
+0.000
+0.000
+0.000
+0.000
+0.488
+0.000
+0.000
+0.000
+0.000
+0.207
+0.000
+0.000
+0.000
+0.000
-0.043
+0.000
+0.000
+0.000
+0.000
-0.283
+0.000
+0.000
+0.000
+0.000
-0.411
+0.000
+0.000
+0.000
+0.000
-0.517
+0.000
+0.000
+0.000
+0.000
-0.648
+0.000
+0.000
+0.000
+0.000
-0.807
+0.000
+0.000
+0.000
+0.000
-0.953
+0.000
+0.000
+0.000
+0.000
-1.117
+0.000
+0.000
+0.000
+0.000
-1.253
+0.000
+0.000
+0.000
+0.000
-1.407
+0.000
+0.000
+0.000
+0.000
-1.554
+0.000
+0.000
+0.000
+0.000
-1.693
+0.000
+0.000
+0.000
+0.000
-1.845
+0.000
+0.000
+0.000
+0.000
-1.943
+0.000
+0.000
+0.000
+0.000
-1.915
+0.000
+0.000
+0.000
+0.000
-1.879
+0.000
+0.000
+0.000
+0.000
-1.845
+0.000
+0.000
+0.000
+0.000
-1.776
+0.000
+0.000
+0.000
+0.000
-1.628
+0.000
+0.000
+0.000
+0.000
-1.553
+0.000
+0.000
+0.000
+0.000
-1.535
+0.000
+0.000
+0.000
+0.000
-1.554
+0.000
+0.000
+0.000
+0.000
-1.672
+0.000
+0.000
+0.000
+0.000
-1.789
+0.000
+0.000
+0.000
+0.000
-1.842
+0.000
+0.000
+0.000
+0.000
-1.758
+0.000
+0.000
+0.000
+0.000
-1.650
+0.000
+0.000
+0.000
+0.000
-1.588
+0.000
+0.000
+0.000
+0.000
-1.537
+0.000
+0.000
+0.000
+0.000
-1.291
+0.000
+0.000
+0.000
+0.000
-0.977
+0.000
+0.000
+0.000
+0.000
-0.613
+0.000
+0.000
+0.000
+0.000
-0.238
+0.000
+0.000
+0.000
+0.000
+0.050
+0.000
+0.000
+0.000
+0.000
+0.229
+0.000
+0.000
+0.000
+0.000
+0.347
+0.000
+0.000
+0.000
+0.000
+0.503
+0.000
+0.000
+0.000
+0.000
+0.669
+0.000
+0.000
+0.000
+0.000
+0.823
+0.000
+0.000
+0.000
+0.000
+0.947
+0.000
+0.000
+0.000
+0.000
+1.053
+0.000
+0.000
+0.000
+0.000
+1.158
+0.000
+0.000
+0.000
+0.000
+1.244
+0.000
+0.000
+0.000
+0.000
+1.298
+0.000
+0.000
+0.000
+0.000
+1.150
+0.000
+0.000
+0.000
+0.000
+0.885
+0.000
+0.000
+0.000
+0.000
+0.615
+0.000
+0.000
+0.000
+0.000
+0.230
+0.000
+0.000
+0.000
+0.000
-0.391
+0.000
+0.000
+0.000
+0.000
-0.737
+0.000
+0.000
+0.000
+0.000
-0.794
+0.000
+0.000
+0.000
+0.000
-0.608
+0.000
+0.000
+0.000
+0.000
-0.469
+0.000
+0.000
+0.000
+0.000
-0.366
+0.000
+0.000
+0.000
+0.000
-0.318
+0.000
+0.000
+0.000
+0.000
-0.290
+0.000
+0.000
+0.000
+0.000
-0.252
+0.000
+0.000
+0.000
+0.000
-0.219
+0.000
+0.000
+0.000
+0.000
-0.145
+0.000
+0.000
+0.000
+0.000
-0.008
+0.000
+0.000
+0.000
+0.000
+0.129
+0.000
+0.000
+0.000
+0.000
+0.258
+0.000
+0.000
+0.000
+0.000
+0.339
+0.000
+0.000
+0.000
+0.000
+0.412
+0.000
+0.000
+0.000
+0.000
+0.464
+0.000
+0.000
+0.000
+0.000
+0.476
+0.000
+0.000
+0.000
+0.000
+0.434
+0.000
+0.000
+0.000
+0.000
+0.390
+0.000
+0.000
+0.000
+0.000
+0.341
+0.000
+0.000
+0.000
+0.000
+0.307
+0.000
+0.000
+0.000
+0.000
+0.312
+0.000
+0.000
+0.000
+0.000
+0.395
+0.000
+0.000
+0.000
+0.000
+0.591
+0.000
+0.000
+0.000
+0.000
+0.834
+0.000
+0.000
+0.000
+0.000
+1.073
+0.000
+0.000
+0.000
+0.000
+1.277
+0.000
+0.000
+0.000
+0.000
+1.437
+0.000
+0.000
+0.000
+0.000
+1.428
+0.000
+0.000
+0.000
+0.000
+1.352
+0.000
+0.000
+0.000
+0.000
+1.210
+0.000
+0.000
+0.000
+0.000
+0.980
+0.000
+0.000
+0.000
+0.000
+0.674
+0.000
+0.000
+0.000
+0.000
+0.339
+0.000
+0.000
+0.000
+0.000
+0.061
+0.000
+0.000
+0.000
+0.000
-0.134
+0.000
+0.000
+0.000
+0.000
-0.200
+0.000
+0.000
+0.000
+0.000
-0.231
+0.000
+0.000
+0.000
+0.000
-0.236
+0.000
+0.000
+0.000
+0.000
-0.288
+0.000
+0.000
+0.000
+0.000
-0.375
+0.000
+0.000
+0.000
+0.000
-0.468
+0.000
+0.000
+0.000
+0.000
-0.491
+0.000
+0.000
+0.000
+0.000
-0.370
+0.000
+0.000
+0.000
+0.000
-0.232
+0.000
+0.000
+0.000
+0.000
-0.061
+0.000
+0.000
+0.000
+0.000
+0.034
+0.000
+0.000
+0.000
+0.000
+0.105
+0.000
+0.000
+0.000
+0.000
+0.136
+0.000
+0.000
+0.000
+0.000
+0.152
+0.000
+0.000
+0.000
+0.000
+0.144
+0.000
+0.000
+0.000
+0.000
+0.111
+0.000
+0.000
+0.000
+0.000
+0.009
+0.000
+0.000
+0.000
+0.000
-0.212
+0.000
+0.000
+0.000
+0.000
-0.431
+0.000
+0.000
+0.000
+0.000
-0.534
+0.000
+0.000
+0.000
+0.000
-0.474
+0.000
+0.000
+0.000
+0.000
-0.330
+0.000
+0.000
+0.000
+0.000
-0.194
+0.000
+0.000
+0.000
+0.000
-0.114
+0.000
+0.000
+0.000
+0.000
-0.036
+0.000
+0.000
+0.000
+0.000
+0.075
+0.000
+0.000
+0.000
+0.000
+0.236
+0.000
+0.000
+0.000
+0.000
+0.389
+0.000
+0.000
+0.000
+0.000
+0.495
+0.000
+0.000
+0.000
+0.000
+0.559
+0.000
+0.000
+0.000
+0.000
+0.593
+0.000
+0.000
+0.000
+0.000
+0.651
+0.000
+0.000
+0.000
+0.000
+0.697
+0.000
+0.000
+0.000
+0.000
+0.732
+0.000
+0.000
+0.000
+0.000
+0.790
+0.000
+0.000
+0.000
+0.000
+0.907
+0.000
+0.000
+0.000
+0.000
+0.973
+0.000
+0.000
+0.000
+0.000
+1.046
+0.000
+0.000
+0.000
+0.000
+1.037
+0.000
+0.000
+0.000
+0.000
+1.069
+0.000
+0.000
+0.000
+0.000
+1.133
+0.000
+0.000
+0.000
+0.000
+1.257
+0.000
+0.000
+0.000
+0.000
+1.352
+0.000
+0.000
+0.000
+0.000
+1.311
+0.000
+0.000
+0.000
+0.000
+1.231
+0.000
+0.000
+0.000
+0.000
+0.805
+0.000
+0.000
+0.000
+0.000
+0.160
+0.000
+0.000
+0.000
+0.000
-0.749
+0.000
+0.000
+0.000
+0.000
-1.649
+0.000
+0.000
+0.000
+0.000
-1.839
+0.000
+0.000
+0.000
+0.000
-1.740
+0.000
+0.000
+0.000
+0.000
-1.551
+0.000
+0.000
+0.000
+0.000
-1.351
+0.000
+0.000
+0.000
+0.000
-1.089
+0.000
+0.000
+0.000
+0.000
-0.845
+0.000
+0.000
+0.000
+0.000
-0.669
+0.000
+0.000
+0.000
+0.000
-0.518
+0.000
+0.000
+0.000
+0.000
-0.381
+0.000
+0.000
+0.000
+0.000
-0.265
+0.000
+0.000
+0.000
+0.000
-0.170
+0.000
+0.000
+0.000
+0.000
-0.115
+0.000
+0.000
+0.000
+0.000
-0.088
+0.000
+0.000
+0.000
+0.000
-0.057
+0.000
+0.000
+0.000
+0.000
-0.007
+0.000
+0.000
+0.000
+0.000
+0.022
+0.000
+0.000
+0.000
+0.000
+0.089
+0.000
+0.000
+0.000
+0.000
+0.231
+0.000
+0.000
+0.000
+0.000
+0.501
+0.000
+0.000
+0.000
+0.000
+0.831
+0.000
+0.000
+0.000
+0.000
+1.073
+0.000
+0.000
+0.000
+0.000
+1.268
+0.000
+0.000
+0.000
+0.000
+1.284
+0.000
+0.000
+0.000
+0.000
+1.188
+0.000
+0.000
+0.000
+0.000
+0.988
+0.000
+0.000
+0.000
+0.000
+0.755
+0.000
+0.000
+0.000
+0.000
+0.505
+0.000
+0.000
+0.000
+0.000
+0.286
+0.000
+0.000
+0.000
+0.000
+0.064
+0.000
+0.000
+0.000
+0.000
-0.068
+0.000
+0.000
+0.000
+0.000
-0.191
+0.000
+0.000
+0.000
+0.000
-0.269
+0.000
+0.000
+0.000
+0.000
-0.269
+0.000
+0.000
+0.000
+0.000
-0.217
+0.000
+0.000
+0.000
+0.000
+0.025
+0.000
+0.000
+0.000
+0.000
+0.330
+0.000
+0.000
+0.000
+0.000
+0.588
+0.000
+0.000
+0.000
+0.000
+0.679
+0.000
+0.000
+0.000
+0.000
+0.719
+0.000
+0.000
+0.000
+0.000
+0.743
+0.000
+0.000
+0.000
+0.000
+0.774
+0.000
+0.000
+0.000
+0.000
+0.784
+0.000
+0.000
+0.000
+0.000
+0.731
+0.000
+0.000
+0.000
+0.000
+0.653
+0.000
+0.000
+0.000
+0.000
+0.582
+0.000
+0.000
+0.000
+0.000
+0.482
+0.000
+0.000
+0.000
+0.000
+0.309
+0.000
+0.000
+0.000
+0.000
+0.112
+0.000
+0.000
+0.000
+0.000
-0.120
+0.000
+0.000
+0.000
+0.000
-0.294
+0.000
+0.000
+0.000
+0.000
-0.392
+0.000
+0.000
+0.000
+0.000
-0.371
+0.000
+0.000
+0.000
+0.000
-0.267
+0.000
+0.000
+0.000
+0.000
-0.112
+0.000
+0.000
+0.000
+0.000
+0.108
+0.000
+0.000
+0.000
+0.000
+0.356
+0.000
+0.000
+0.000
+0.000
+0.733
+0.000
+0.000
+0.000
+0.000
+1.113
+0.000
+0.000
+0.000
+0.000
+1.558
+0.000
+0.000
+0.000
+0.000
+1.935
+0.000
+0.000
+0.000
+0.000
+2.115
+0.000
+0.000
+0.000
+0.000
+2.177
+0.000
+0.000
+0.000
+0.000
+2.118
+0.000
+0.000
+0.000
+0.000
+2.065
+0.000
+0.000
+0.000
+0.000
+2.000
+0.000
+0.000
+0.000
+0.000
+1.936
+0.000
+0.000
+0.000
+0.000
+1.886
+0.000
+0.000
+0.000
+0.000
+1.851
+0.000
+0.000
+0.000
+0.000
+1.806
+0.000
+0.000
+0.000
+0.000
+1.579
+0.000
+0.000
+0.000
+0.000
+1.043
+0.000
+0.000
+0.000
+0.000
-2.412
+0.000
+0.000
+0.000
+0.000
-7.013
+0.000
+0.000
+0.000
+0.000
-2.731
+0.000
+0.000
+0.000
+0.000
-1.896
+0.000
+0.000
+0.000
+0.000
-1.454
+0.000
+0.000
+0.000
+0.000
-1.278
+0.000
+0.000
+0.000
+0.000
-1.255
+0.000
+0.000
+0.000
+0.000
-1.380
+0.000
+0.000
+0.000
+0.000
-1.535
+0.000
+0.000
+0.000
+0.000
-1.860
+0.000
+0.000
+0.000
+0.000
-6.136
+0.000
+0.000
+0.000
+0.000
-6.624
+0.000
+0.000
+0.000
+0.000
-2.370
+0.000
+0.000
+0.000
+0.000
-1.327
+0.000
+0.000
+0.000
+0.000
-0.790
+0.000
+0.000
+0.000
+0.000
-0.454
+0.000
+0.000
+0.000
+0.000
-0.230
+0.000
+0.000
+0.000
+0.000
-0.050
+0.000
+0.000
+0.000
+0.000
+0.110
+0.000
+0.000
+0.000
+0.000
+0.257
+0.000
+0.000
+0.000
+0.000
+0.331
+0.000
+0.000
+0.000
+0.000
+0.400
+0.000
+0.000
+0.000
+0.000
+0.488
+0.000
+0.000
+0.000
+0.000
+0.600
+0.000
+0.000
+0.000
+0.000
+0.670
+0.000
+0.000
+0.000
+0.000
+0.616
+0.000
+0.000
+0.000
+0.000
+0.473
+0.000
+0.000
+0.000
+0.000
+0.256
+0.000
+0.000
+0.000
+0.000
+0.276
+0.000
+0.000
+0.000
+0.000
+0.363
+0.000
+0.000
+0.000
+0.000
+0.501
+0.000
+0.000
+0.000
+0.000
+0.597
+0.000
+0.000
+0.000
+0.000
+0.636
+0.000
+0.000
+0.000
+0.000
+0.637
+0.000
+0.000
+0.000
+0.000
+0.506
+0.000
+0.000
+0.000
+0.000
+0.287
+0.000
+0.000
+0.000
+0.000
+0.048
+0.000
+0.000
+0.000
+0.000
-0.265
+0.000
+0.000
+0.000
+0.000
-0.693
+0.000
+0.000
+0.000
+0.000
-1.066
+0.000
+0.000
+0.000
+0.000
-1.243
+0.000
+0.000
+0.000
+0.000
-1.367
+0.000
+0.000
+0.000
+0.000
-1.291
+0.000
+0.000
+0.000
+0.000
-1.081
+0.000
+0.000
+0.000
+0.000
-0.379
+0.000
+0.000
+0.000
+0.000
+0.510
+0.000
+0.000
+0.000
+0.000
+1.063
+0.000
+0.000
+0.000
+0.000
+1.360
+0.000
+0.000
+0.000
+0.000
+1.531
+0.000
+0.000
+0.000
+0.000
+1.622
+0.000
+0.000
+0.000
+0.000
+1.676
+0.000
+0.000
+0.000
+0.000
+1.712
+0.000
+0.000
+0.000
+0.000
+1.675
+0.000
+0.000
+0.000
+0.000
+1.619
+0.000
+0.000
+0.000
+0.000
+1.567
+0.000
+0.000
+0.000
+0.000
+1.519
+0.000
+0.000
+0.000
+0.000
+1.447
+0.000
+0.000
+0.000
+0.000
+1.393
+0.000
+0.000
+0.000
+0.000
+1.349
+0.000
+0.000
+0.000
+0.000
+1.266
+0.000
+0.000
+0.000
+0.000
+1.199
+0.000
+0.000
+0.000
+0.000
+1.171
+0.000
+0.000
+0.000
+0.000
+1.435
+0.000
+0.000
+0.000
+0.000
+1.987
+0.000
+0.000
+0.000
+0.000
+2.793
+0.000
+0.000
+0.000
+0.000
+2.731
+0.000
+0.000
+0.000
+0.000
+2.098
+0.000
+0.000
+0.000
+0.000
+1.857
+0.000
+0.000
+0.000
+0.000
+1.744
+0.000
+0.000
+0.000
+0.000
+1.454
+0.000
+0.000
+0.000
+0.000
+1.283
+0.000
+0.000
+0.000
+0.000
+1.219
+0.000
+0.000
+0.000
+0.000
+1.288
+0.000
+0.000
+0.000
+0.000
+1.372
+0.000
+0.000
+0.000
+0.000
+1.470
+0.000
+0.000
+0.000
+0.000
+1.583
+0.000
+0.000
+0.000
+0.000
+1.682
+0.000
+0.000
+0.000
+0.000
+1.738
+0.000
+0.000
+0.000
+0.000
+1.325
+0.000
+0.000
+0.000
+0.000
+0.603
+0.000
+0.000
+0.000
+0.000
-0.064
+0.000
+0.000
+0.000
+0.000
-0.652
+0.000
+0.000
+0.000
+0.000
-1.364
+0.000
+0.000
+0.000
+0.000
-1.941
+0.000
+0.000
+0.000
+0.000
-2.195
+0.000
+0.000
+0.000
+0.000
-2.378
+0.000
+0.000
+0.000
+0.000
-2.515
+0.000
+0.000
+0.000
+0.000
-2.588
+0.000
+0.000
+0.000
+0.000
-2.653
+0.000
+0.000
+0.000
+0.000
-2.592
+0.000
+0.000
+0.000
+0.000
-2.499
+0.000
+0.000
+0.000
+0.000
-2.398
+0.000
+0.000
+0.000
+0.000
-2.255
+0.000
+0.000
+0.000
+0.000
-1.912
+0.000
+0.000
+0.000
+0.000
-1.506
+0.000
+0.000
+0.000
+0.000
-1.363
+0.000
+0.000
+0.000
+0.000
-1.406
+0.000
+0.000
+0.000
+0.000
-1.517
+0.000
+0.000
+0.000
+0.000
-1.703
+0.000
+0.000
+0.000
+0.000
-1.786
+0.000
+0.000
+0.000
+0.000
-1.855
+0.000
+0.000
+0.000
+0.000
-1.913
+0.000
+0.000
+0.000
+0.000
-1.937
+0.000
+0.000
+0.000
+0.000
-1.990
+0.000
+0.000
+0.000
+0.000
-2.090
+0.000
+0.000
+0.000
+0.000
-2.336
+0.000
+0.000
+0.000
+0.000
-2.529
+0.000
+0.000
+0.000
+0.000
-2.626
+0.000
+0.000
+0.000
+0.000
-2.633
+0.000
+0.000
+0.000
+0.000
-2.409
+0.000
+0.000
+0.000
+0.000
-2.053
+0.000
+0.000
+0.000
+0.000
-1.606
+0.000
+0.000
+0.000
+0.000
-1.067
+0.000
+0.000
+0.000
+0.000
-0.703
+0.000
+0.000
+0.000
+0.000
-0.454
+0.000
+0.000
+0.000
+0.000
-0.306
+0.000
+0.000
+0.000
+0.000
-0.200
+0.000
+0.000
+0.000
+0.000
-0.140
+0.000
+0.000
+0.000
+0.000
-0.148
+0.000
+0.000
+0.000
+0.000
-0.212
+0.000
+0.000
+0.000
+0.000
-0.322
+0.000
+0.000
+0.000
+0.000
-0.321
+0.000
+0.000
+0.000
+0.000
-0.301
+0.000
+0.000
+0.000
+0.000
-0.280
+0.000
+0.000
+0.000
+0.000
-0.258
+0.000
+0.000
+0.000
+0.000
-0.231
+0.000
+0.000
+0.000
+0.000
-0.159
+0.000
+0.000
+0.000
+0.000
-0.041
+0.000
+0.000
+0.000
+0.000
+0.024
+0.000
+0.000
+0.000
+0.000
+0.075
+0.000
+0.000
+0.000
+0.000
+0.093
+0.000
+0.000
+0.000
+0.000
+0.076
+0.000
+0.000
+0.000
+0.000
-0.015
+0.000
+0.000
+0.000
+0.000
-0.115
+0.000
+0.000
+0.000
+0.000
-0.229
+0.000
+0.000
+0.000
+0.000
-0.205
+0.000
+0.000
+0.000
+0.000
-0.150
+0.000
+0.000
+0.000
+0.000
-0.078
+0.000
+0.000
+0.000
+0.000
+0.031
+0.000
+0.000
+0.000
+0.000
+0.181
+0.000
+0.000
+0.000
+0.000
+0.387
+0.000
+0.000
+0.000
+0.000
+0.636
+0.000
+0.000
+0.000
+0.000
+0.843
+0.000
+0.000
+0.000
+0.000
+1.023
+0.000
+0.000
+0.000
+0.000
+1.189
+0.000
+0.000
+0.000
+0.000
+1.270
+0.000
+0.000
+0.000
+0.000
+1.209
+0.000
+0.000
+0.000
+0.000
+0.864
+0.000
+0.000
+0.000
+0.000
+0.558
+0.000
+0.000
+0.000
+0.000
+0.282
+0.000
+0.000
+0.000
+0.000
+0.009
+0.000
+0.000
+0.000
+0.000
-0.225
+0.000
+0.000
+0.000
+0.000
-0.402
+0.000
+0.000
+0.000
+0.000
-0.426
+0.000
+0.000
+0.000
+0.000
-0.382
+0.000
+0.000
+0.000
+0.000
-0.260
+0.000
+0.000
+0.000
+0.000
-0.106
+0.000
+0.000
+0.000
+0.000
+0.044
+0.000
+0.000
+0.000
+0.000
+0.316
+0.000
+0.000
+0.000
+0.000
+0.625
+0.000
+0.000
+0.000
+0.000
+0.858
+0.000
+0.000
+0.000
+0.000
+1.071
+0.000
+0.000
+0.000
+0.000
+1.241
+0.000
+0.000
+0.000
+0.000
+1.372
+0.000
+0.000
+0.000
+0.000
+1.503
+0.000
+0.000
+0.000
+0.000
+1.617
+0.000
+0.000
+0.000
+0.000
+1.711
+0.000
+0.000
+0.000
+0.000
+1.811
+0.000
+0.000
+0.000
+0.000
+1.905
+0.000
+0.000
+0.000
+0.000
+1.933
+0.000
+0.000
+0.000
+0.000
+1.943
+0.000
+0.000
+0.000
+0.000
+1.920
+0.000
+0.000
+0.000
+0.000
+1.855
+0.000
+0.000
+0.000
+0.000
+1.769
+0.000
+0.000
+0.000
+0.000
+1.679
+0.000
+0.000
+0.000
+0.000
+1.563
+0.000
+0.000
+0.000
+0.000
+1.441
+0.000
+0.000
+0.000
+0.000
+1.344
+0.000
+0.000
+0.000
+0.000
+1.264
+0.000
+0.000
+0.000
+0.000
+1.161
+0.000
+0.000
+0.000
+0.000
+1.115
+0.000
+0.000
+0.000
+0.000
+1.091
+0.000
+0.000
+0.000
+0.000
+1.133
+0.000
+0.000
+0.000
+0.000
+1.146
+0.000
+0.000
+0.000
+0.000
+1.149
+0.000
+0.000
+0.000
+0.000
+1.151
+0.000
+0.000
+0.000
+0.000
+1.143
+0.000
+0.000
+0.000
+0.000
+1.040
+0.000
+0.000
+0.000
+0.000
+0.907
+0.000
+0.000
+0.000
+0.000
+0.743
+0.000
+0.000
+0.000
+0.000
+0.676
+0.000
+0.000
+0.000
+0.000
+0.603
+0.000
+0.000
+0.000
+0.000
+0.583
+0.000
+0.000
+0.000
+0.000
+0.579
+0.000
+0.000
+0.000
+0.000
+0.570
+0.000
+0.000
+0.000
+0.000
+0.549
+0.000
+0.000
+0.000
+0.000
+0.512
+0.000
+0.000
+0.000
+0.000
+0.503
+0.000
+0.000
+0.000
+0.000
+0.528
+0.000
+0.000
+0.000
+0.000
+0.536
+0.000
+0.000
+0.000
+0.000
+0.513
+0.000
+0.000
+0.000
+0.000
+0.481
+0.000
+0.000
+0.000
+0.000
+0.496
+0.000
+0.000
+0.000
+0.000
+0.572
+0.000
+0.000
+0.000
+0.000
+0.669
+0.000
+0.000
+0.000
+0.000
+0.795
+0.000
+0.000
+0.000
+0.000
+0.939
+0.000
+0.000
+0.000
+0.000
+1.063
+0.000
+0.000
+0.000
+0.000
+1.160
+0.000
+0.000
+0.000
+0.000
+1.224
+0.000
+0.000
+0.000
+0.000
+1.223
+0.000
+0.000
+0.000
+0.000
+1.191
+0.000
+0.000
+0.000
+0.000
+1.042
+0.000
+0.000
+0.000
+0.000
+0.777
+0.000
+0.000
+0.000
+0.000
+0.480
+0.000
+0.000
+0.000
+0.000
+0.055
+0.000
+0.000
+0.000
+0.000
-0.381
+0.000
+0.000
+0.000
+0.000
-0.813
+0.000
+0.000
+0.000
+0.000
-1.141
+0.000
+0.000
+0.000
+0.000
-1.420
+0.000
+0.000
+0.000
+0.000
-1.719
+0.000
+0.000
+0.000
+0.000
-2.077
+0.000
+0.000
+0.000
+0.000
-2.508
+0.000
+0.000
+0.000
+0.000
-2.899
+0.000
+0.000
+0.000
+0.000
-3.399
+0.000
+0.000
+0.000
+0.000
-3.334
+0.000
+0.000
+0.000
+0.000
-2.450
+0.000
+0.000
+0.000
+0.000
-1.499
+0.000
+0.000
+0.000
+0.000
-0.558
+0.000
+0.000
+0.000
+0.000
+0.213
+0.000
+0.000
+0.000
+0.000
+0.688
+0.000
+0.000
+0.000
+0.000
+0.898
+0.000
+0.000
+0.000
+0.000
+1.261
+0.000
+0.000
+0.000
+0.000
+1.643
+0.000
+0.000
+0.000
+0.000
+1.749
+0.000
+0.000
+0.000
+0.000
+1.690
+0.000
+0.000
+0.000
+0.000
+1.468
+0.000
+0.000
+0.000
+0.000
+1.245
+0.000
+0.000
+0.000
+0.000
+1.096
+0.000
+0.000
+0.000
+0.000
+1.020
+0.000
+0.000
+0.000
+0.000
+0.931
+0.000
+0.000
+0.000
+0.000
+0.879
+0.000
+0.000
+0.000
+0.000
+0.868
+0.000
+0.000
+0.000
+0.000
+0.859
+0.000
+0.000
+0.000
+0.000
+0.929
+0.000
+0.000
+0.000
+0.000
+1.013
+0.000
+0.000
+0.000
+0.000
+1.134
+0.000
+0.000
+0.000
+0.000
+1.315
+0.000
+0.000
+0.000
+0.000
+1.551
+0.000
+0.000
+0.000
+0.000
+1.824
+0.000
+0.000
+0.000
+0.000
+2.215
+0.000
+0.000
+0.000
+0.000
+2.503
+0.000
+0.000
+0.000
+0.000
+2.763
+0.000
+0.000
+0.000
+0.000
+2.973
+0.000
+0.000
+0.000
+0.000
+3.272
+0.000
+0.000
+0.000
+0.000
+3.804
+0.000
+0.000
+0.000
+0.000
+4.636
+0.000
+0.000
+0.000
+0.000
+5.121
+0.000
+0.000
+0.000
+0.000
+5.544
+0.000
+0.000
+0.000
+0.000
+5.771
+0.000
+0.000
+0.000
+0.000
+5.693
+0.000
+0.000
+0.000
+0.000
+5.289
+0.000
+0.000
+0.000
+0.000
+4.724
+0.000
+0.000
+0.000
+0.000
+3.959
+0.000
+0.000
+0.000
+0.000
+3.018
+0.000
+0.000
+0.000
+0.000
+2.297
+0.000
+0.000
+0.000
+0.000
+1.725
+0.000
+0.000
+0.000
+0.000
+1.325
+0.000
+0.000
+0.000
+0.000
+1.065
+0.000
+0.000
+0.000
+0.000
+0.908
+0.000
+0.000
+0.000
+0.000
+0.866
+0.000
+0.000
+0.000
+0.000
+0.898
+0.000
+0.000
+0.000
+0.000
+1.037
+0.000
+0.000
+0.000
+0.000
+1.260
+0.000
+0.000
+0.000
+0.000
+1.540
+0.000
+0.000
+0.000
+0.000
+1.476
+0.000
+0.000
+0.000
+0.000
+1.342
+0.000
+0.000
+0.000
+0.000
+1.140
+0.000
+0.000
+0.000
+0.000
+0.915
+0.000
+0.000
+0.000
+0.000
+0.757
+0.000
+0.000
+0.000
+0.000
+0.502
+0.000
+0.000
+0.000
+0.000
+0.242
+0.000
+0.000
+0.000
+0.000
+0.143
+0.000
+0.000
+0.000
+0.000
+0.044
+0.000
+0.000
+0.000
+0.000
-0.060
+0.000
+0.000
+0.000
+0.000
-0.133
+0.000
+0.000
+0.000
+0.000
-0.238
+0.000
+0.000
+0.000
+0.000
-0.335
+0.000
+0.000
+0.000
+0.000
-0.413
+0.000
+0.000
+0.000
+0.000
-0.458
+0.000
+0.000
+0.000
+0.000
-0.460
+0.000
+0.000
+0.000
+0.000
-0.441
+0.000
+0.000
+0.000
+0.000
-0.384
+0.000
+0.000
+0.000
+0.000
-0.326
+0.000
+0.000
+0.000
+0.000
-0.278
+0.000
+0.000
+0.000
+0.000
-0.228
+0.000
+0.000
+0.000
+0.000
-0.121
+0.000
+0.000
+0.000
+0.000
+0.058
+0.000
+0.000
+0.000
+0.000
+0.230
+0.000
+0.000
+0.000
+0.000
+0.434
+0.000
+0.000
+0.000
+0.000
+0.691
+0.000
+0.000
+0.000
+0.000
+0.989
+0.000
+0.000
+0.000
+0.000
+1.193
+0.000
+0.000
+0.000
+0.000
+1.259
+0.000
+0.000
+0.000
+0.000
+1.279
+0.000
+0.000
+0.000
+0.000
+1.269
+0.000
+0.000
+0.000
+0.000
+1.081
+0.000
+0.000
+0.000
+0.000
+0.885
+0.000
+0.000
+0.000
+0.000
+0.763
+0.000
+0.000
+0.000
+0.000
+0.670
+0.000
+0.000
+0.000
+0.000
+0.572
+0.000
+0.000
+0.000
+0.000
+0.523
+0.000
+0.000
+0.000
+0.000
+0.519
+0.000
+0.000
+0.000
+0.000
+0.566
+0.000
+0.000
+0.000
+0.000
+0.698
+0.000
+0.000
+0.000
+0.000
+0.878
+0.000
+0.000
+0.000
+0.000
+1.138
+0.000
+0.000
+0.000
+0.000
+1.344
+0.000
+0.000
+0.000
+0.000
+1.267
+0.000
+0.000
+0.000
+0.000
+1.162
+0.000
+0.000
+0.000
+0.000
+1.018
+0.000
+0.000
+0.000
+0.000
+0.827
+0.000
+0.000
+0.000
+0.000
+0.689
+0.000
+0.000
+0.000
+0.000
+0.567
+0.000
+0.000
+0.000
+0.000
+0.412
+0.000
+0.000
+0.000
+0.000
+0.217
+0.000
+0.000
+0.000
+0.000
-0.008
+0.000
+0.000
+0.000
+0.000
-0.211
+0.000
+0.000
+0.000
+0.000
-0.429
+0.000
+0.000
+0.000
+0.000
-0.555
+0.000
+0.000
+0.000
+0.000
-0.623
+0.000
+0.000
+0.000
+0.000
-0.704
+0.000
+0.000
+0.000
+0.000
-0.753
+0.000
+0.000
+0.000
+0.000
-0.742
+0.000
+0.000
+0.000
+0.000
-0.707
+0.000
+0.000
+0.000
+0.000
-0.677
+0.000
+0.000
+0.000
+0.000
-0.614
+0.000
+0.000
+0.000
+0.000
-0.532
+0.000
+0.000
+0.000
+0.000
-0.535
+0.000
+0.000
+0.000
+0.000
-0.694
+0.000
+0.000
+0.000
+0.000
-1.074
+0.000
+0.000
+0.000
+0.000
-1.936
+0.000
+0.000
+0.000
+0.000
-3.377
+0.000
+0.000
+0.000
+0.000
-4.322
+0.000
+0.000
+0.000
+0.000
-4.887
+0.000
+0.000
+0.000
+0.000
-4.991
+0.000
+0.000
+0.000
+0.000
-4.148
+0.000
+0.000
+0.000
+0.000
-2.762
+0.000
+0.000
+0.000
+0.000
-1.789
+0.000
+0.000
+0.000
+0.000
-1.208
+0.000
+0.000
+0.000
+0.000
-0.816
+0.000
+0.000
+0.000
+0.000
-0.510
+0.000
+0.000
+0.000
+0.000
-0.274
+0.000
+0.000
+0.000
+0.000
-0.237
+0.000
+0.000
+0.000
+0.000
-0.245
+0.000
+0.000
+0.000
+0.000
-0.320
+0.000
+0.000
+0.000
+0.000
-0.366
+0.000
+0.000
+0.000
+0.000
-0.540
+0.000
+0.000
+0.000
+0.000
-0.803
+0.000
+0.000
+0.000
+0.000
-1.069
+0.000
+0.000
+0.000
+0.000
-0.980
+0.000
+0.000
+0.000
+0.000
-0.977
+0.000
+0.000
+0.000
+0.000
-1.045
+0.000
+0.000
+0.000
+0.000
-0.300
+0.000
+0.000
+0.000
+0.000
+0.275
+0.000
+0.000
+0.000
+0.000
+0.690
+0.000
+0.000
+0.000
+0.000
+0.855
+0.000
+0.000
+0.000
+0.000
+1.161
+0.000
+0.000
+0.000
+0.000
+1.483
+0.000
+0.000
+0.000
+0.000
+1.700
+0.000
+0.000
+0.000
+0.000
+1.907
+0.000
+0.000
+0.000
+0.000
+2.132
+0.000
+0.000
+0.000
+0.000
+2.236
+0.000
+0.000
+0.000
+0.000
+2.324
+0.000
+0.000
+0.000
+0.000
+2.473
+0.000
+0.000
+0.000
+0.000
+2.558
+0.000
+0.000
+0.000
+0.000
+2.541
+0.000
+0.000
+0.000
+0.000
+2.435
+0.000
+0.000
+0.000
+0.000
+2.383
+0.000
+0.000
+0.000
+0.000
+2.508
+0.000
+0.000
+0.000
+0.000
+2.625
+0.000
+0.000
+0.000
+0.000
+2.706
+0.000
+0.000
+0.000
+0.000
+2.718
+0.000
+0.000
+0.000
+0.000
+2.750
+0.000
+0.000
+0.000
+0.000
+2.799
+0.000
+0.000
+0.000
+0.000
+2.751
+0.000
+0.000
+0.000
+0.000
+2.666
+0.000
+0.000
+0.000
+0.000
+2.685
+0.000
+0.000
+0.000
+0.000
+2.818
+0.000
+0.000
+0.000
+0.000
+2.850
+0.000
+0.000
+0.000
+0.000
+2.823
+0.000
+0.000
+0.000
+0.000
+2.334
+0.000
+0.000
+0.000
+0.000
+1.846
+0.000
+0.000
+0.000
+0.000
+1.374
+0.000
+0.000
+0.000
+0.000
+1.021
+0.000
+0.000
+0.000
+0.000
+0.808
+0.000
+0.000
+0.000
+0.000
+0.656
+0.000
+0.000
+0.000
+0.000
+0.520
+0.000
+0.000
+0.000
+0.000
+0.410
+0.000
+0.000
+0.000
+0.000
+0.308
+0.000
+0.000
+0.000
+0.000
+0.219
+0.000
+0.000
+0.000
+0.000
+0.157
+0.000
+0.000
+0.000
+0.000
+0.114
+0.000
+0.000
+0.000
+0.000
+0.319
+0.000
+0.000
+0.000
+0.000
+0.558
+0.000
+0.000
+0.000
+0.000
+0.788
+0.000
+0.000
+0.000
+0.000
+0.931
+0.000
+0.000
+0.000
+0.000
+1.100
+0.000
+0.000
+0.000
+0.000
+1.151
+0.000
+0.000
+0.000
+0.000
+1.163
+0.000
+0.000
+0.000
+0.000
+1.142
+0.000
+0.000
+0.000
+0.000
+1.116
+0.000
+0.000
+0.000
+0.000
+1.098
+0.000
+0.000
+0.000
+0.000
+1.093
+0.000
+0.000
+0.000
+0.000
+1.081
+0.000
+0.000
+0.000
+0.000
+1.029
+0.000
+0.000
+0.000
+0.000
+0.946
+0.000
+0.000
+0.000
+0.000
+0.843
+0.000
+0.000
+0.000
+0.000
+0.731
+0.000
+0.000
+0.000
+0.000
+0.648
+0.000
+0.000
+0.000
+0.000
+0.556
+0.000
+0.000
+0.000
+0.000
+0.483
+0.000
+0.000
+0.000
+0.000
+0.420
+0.000
+0.000
+0.000
+0.000
+0.377
+0.000
+0.000
+0.000
+0.000
+0.329
+0.000
+0.000
+0.000
+0.000
+0.261
+0.000
+0.000
+0.000
+0.000
+0.181
+0.000
+0.000
+0.000
+0.000
+0.103
+0.000
+0.000
+0.000
+0.000
+0.042
+0.000
+0.000
+0.000
+0.000
+0.023
+0.000
+0.000
+0.000
+0.000
+0.029
+0.000
+0.000
+0.000
+0.000
+0.064
+0.000
+0.000
+0.000
+0.000
+0.118
+0.000
+0.000
+0.000
+0.000
+0.196
+0.000
+0.000
+0.000
+0.000
+0.287
+0.000
+0.000
+0.000
+0.000
+0.379
+0.000
+0.000
+0.000
+0.000
+0.441
+0.000
+0.000
+0.000
+0.000
+0.493
+0.000
+0.000
+0.000
+0.000
+0.573
+0.000
+0.000
+0.000
+0.000
+0.658
+0.000
+0.000
+0.000
+0.000
+0.716
+0.000
+0.000
+0.000
+0.000
+0.756
+0.000
+0.000
+0.000
+0.000
+0.817
+0.000
+0.000
+0.000
+0.000
+0.823
+0.000
+0.000
+0.000
+0.000
+0.830
+0.000
+0.000
+0.000
+0.000
+0.827
+0.000
+0.000
+0.000
+0.000
+0.828
+0.000
+0.000
+0.000
+0.000
+0.818
+0.000
+0.000
+0.000
+0.000
+0.862
+0.000
+0.000
+0.000
+0.000
+0.918
+0.000
+0.000
+0.000
+0.000
+0.958
+0.000
+0.000
+0.000
+0.000
+0.974
+0.000
+0.000
+0.000
+0.000
+0.965
+0.000
+0.000
+0.000
+0.000
+0.952
+0.000
+0.000
+0.000
+0.000
+0.952
+0.000
+0.000
+0.000
+0.000
+0.948
+0.000
+0.000
+0.000
+0.000
+1.007
+0.000
+0.000
+0.000
+0.000
+1.065
+0.000
+0.000
+0.000
+0.000
+1.159
+0.000
+0.000
+0.000
+0.000
+1.259
+0.000
+0.000
+0.000
+0.000
+1.275
+0.000
+0.000
+0.000
+0.000
+1.277
+0.000
+0.000
+0.000
+0.000
+1.359
+0.000
+0.000
+0.000
+0.000
+1.434
+0.000
+0.000
+0.000
+0.000
+1.513
+0.000
+0.000
+0.000
+0.000
+1.556
+0.000
+0.000
+0.000
+0.000
+1.543
+0.000
+0.000
+0.000
+0.000
+1.533
+0.000
+0.000
+0.000
+0.000
+1.562
+0.000
+0.000
+0.000
+0.000
+1.581
+0.000
+0.000
+0.000
+0.000
+1.533
+0.000
+0.000
+0.000
+0.000
+1.468
+0.000
+0.000
+0.000
+0.000
+1.430
+0.000
+0.000
+0.000
+0.000
+1.466
+0.000
+0.000
+0.000
+0.000
+1.601
+0.000
+0.000
+0.000
+0.000
+1.914
+0.000
+0.000
+0.000
+0.000
+2.601
+0.000
+0.000
+0.000
+0.000
+3.135
+0.000
+0.000
+0.000
+0.000
+3.711
+0.000
+0.000
+0.000
+0.000
+3.185
+0.000
+0.000
+0.000
+0.000
+2.314
+0.000
+0.000
+0.000
+0.000
+1.571
+0.000
+0.000
+0.000
+0.000
+0.417
+0.000
+0.000
+0.000
+0.000
-0.079
+0.000
+0.000
+0.000
+0.000
-0.371
+0.000
+0.000
+0.000
+0.000
-0.634
+0.000
+0.000
+0.000
+0.000
-0.855
+0.000
+0.000
+0.000
+0.000
-0.959
+0.000
+0.000
+0.000
+0.000
+0.137
+0.000
+0.000
+0.000
+0.000
+1.920
+0.000
+0.000
+0.000
+0.000
+4.061
+0.000
+0.000
+0.000
+0.000
+6.498
+0.000
+0.000
+0.000
+0.000
+9.016
+0.000
+0.000
+0.000
+0.000
+12.33
+0.000
+0.000
+0.000
+0.000
+10.46
+0.000
+0.000
+0.000
+0.000
+6.773
+0.000
+0.000
+0.000
+0.000
+4.845
+0.000
+0.000
+0.000
+0.000
+3.613
+0.000
+0.000
+0.000
+0.000
+2.750
+0.000
+0.000
+0.000
+0.000
+2.048
+0.000
+0.000
+0.000
+0.000
+1.388
+0.000
+0.000
+0.000
+0.000
+0.759
+0.000
+0.000
+0.000
+0.000
+0.418
+0.000
+0.000
+0.000
+0.000
+0.102
+0.000
+0.000
+0.000
+0.000
-0.022
+0.000
+0.000
+0.000
+0.000
+0.346
+0.000
+0.000
+0.000
+0.000
+0.984
+0.000
+0.000
+0.000
+0.000
+6.262
+0.000
+0.000
+0.000
+0.000
+0.842
+0.000
+0.000
+0.000
+0.000
+1.010
+0.000
+0.000
+0.000
+0.000
+1.030
+0.000
+0.000
+0.000
+0.000
+0.848
+0.000
+0.000
+0.000
+0.000
+0.640
+0.000
+0.000
+0.000
+0.000
+0.347
+0.000
+0.000
+0.000
+0.000
+0.202
+0.000
+0.000
+0.000
+0.000
+0.189
+0.000
+0.000
+0.000
+0.000
+0.531
+0.000
+0.000
+0.000
+0.000
+1.269
+0.000
+0.000
+0.000
+0.000
+2.583
+0.000
+0.000
+0.000
+0.000
+4.692
+0.000
+0.000
+0.000
+0.000
+7.421
+0.000
+0.000
+0.000
+0.000
+16.08
+0.000
+0.000
+0.000
+0.000
+42.94
+0.000
+0.000
+0.000
+0.000
+199.2
+0.000
+0.000
+0.000
+0.000
+43.55
+0.000
+0.000
+0.000
+0.000
+28.58
+0.000
+0.000
+0.000
+0.000
+28.71
+0.000
+0.000
+0.000
+0.000
+39.56
+0.000
+0.000
+0.000
+0.000
+2245.
+0.000
+0.000
+0.000
+0.000
+29.37
+0.000
+0.000
+0.000
+0.000
+12.74
+0.000
+0.000
+0.000
+0.000
+8.083
+0.000
+0.000
+0.000
+0.000
+4.572
+0.000
+0.000
+0.000
+0.000
+2.612
+0.000
+0.000
+0.000
+0.000
+2.092
+0.000
+0.000
+0.000
+0.000
+3.590
+0.000
+0.000
+0.000
+0.000
+6.092
+0.000
+0.000
+0.000
+0.000
+9.727
+0.000
+0.000
+0.000
+0.000
+35.43
+0.000
+0.000
+0.000
+0.000
+28.98
+0.000
+0.000
+0.000
+0.000
+13.75
+0.000
+0.000
+0.000
+0.000
+10.42
+0.000
+0.000
+0.000
+0.000
+9.087
+0.000
+0.000
+0.000
+0.000
+6.606
+0.000
+0.000
+0.000
+0.000
+4.710
+0.000
+0.000
+0.000
+0.000
+3.404
+0.000
+0.000
+0.000
+0.000
+2.573
+0.000
+0.000
+0.000
+0.000
+1.928
+0.000
+0.000
+0.000
+0.000
+1.397
+0.000
+0.000
+0.000
+0.000
+1.370
+0.000
+0.000
+0.000
+0.000
+1.512
+0.000
+0.000
+0.000
+0.000
+1.811
+0.000
+0.000
+0.000
+0.000
+1.970
+0.000
+0.000
+0.000
+0.000
+2.134
+0.000
+0.000
+0.000
+0.000
+2.514
+0.000
+0.000
+0.000
+0.000
+2.557
+0.000
+0.000
+0.000
+0.000
+2.308
+0.000
+0.000
+0.000
+0.000
+2.006
+0.000
+0.000
+0.000
+0.000
+1.650
+0.000
+0.000
+0.000
+0.000
+1.454
+0.000
+0.000
+0.000
+0.000
+1.214
+0.000
+0.000
+0.000
+0.000
+1.071
+0.000
+0.000
+0.000
+0.000
+0.857
+0.000
+0.000
+0.000
+0.000
+1.182
+0.000
+0.000
+0.000
+0.000
+1.426
+0.000
+0.000
+0.000
+0.000
+1.709
+0.000
+0.000
+0.000
+0.000
+2.012
+0.000
+0.000
+0.000
+0.000
+2.160
+0.000
+0.000
+0.000
+0.000
+2.319
+0.000
+0.000
+0.000
+0.000
+2.558
+0.000
+0.000
+0.000
+0.000
+3.071
+0.000
+0.000
+0.000
+0.000
+4.166
+0.000
+0.000
+0.000
+0.000
+6.243
+0.000
+0.000
+0.000
+0.000
+20.12
+0.000
+0.000
+0.000
+0.000
+9.548
+0.000
+0.000
+0.000
+0.000
+2.485
+0.000
+0.000
+0.000
+0.000
+0.968
+0.000
+0.000
+0.000
+0.000
+0.507
+0.000
+0.000
+0.000
+0.000
+0.170
+0.000
+0.000
+0.000
+0.000
-0.100
+0.000
+0.000
+0.000
+0.000
-0.425
+0.000
+0.000
+0.000
+0.000
-0.740
+0.000
+0.000
+0.000
+0.000
-1.027
+0.000
+0.000
+0.000
+0.000
-1.086
+0.000
+0.000
+0.000
+0.000
-1.072
+0.000
+0.000
+0.000
+0.000
-1.004
+0.000
+0.000
+0.000
+0.000
-0.908
+0.000
+0.000
+0.000
+0.000
-0.843
+0.000
+0.000
+0.000
+0.000
-0.643
+0.000
+0.000
+0.000
+0.000
-0.460
+0.000
+0.000
+0.000
+0.000
-0.189
+0.000
+0.000
+0.000
+0.000
+0.163
+0.000
+0.000
+0.000
+0.000
+0.431
+0.000
+0.000
+0.000
+0.000
+0.704
+0.000
+0.000
+0.000
+0.000
+0.948
+0.000
+0.000
+0.000
+0.000
+0.958
+0.000
+0.000
+0.000
+0.000
+0.775
+0.000
+0.000
+0.000
+0.000
+0.550
+0.000
+0.000
+0.000
+0.000
+0.441
+0.000
+0.000
+0.000
+0.000
+0.395
+0.000
+0.000
+0.000
+0.000
+0.355
+0.000
+0.000
+0.000
+0.000
+0.261
+0.000
+0.000
+0.000
+0.000
+0.176
+0.000
+0.000
+0.000
+0.000
+0.129
+0.000
+0.000
+0.000
+0.000
+0.154
+0.000
+0.000
+0.000
+0.000
+0.215
+0.000
+0.000
+0.000
+0.000
+0.307
+0.000
+0.000
+0.000
+0.000
+0.365
+0.000
+0.000
+0.000
+0.000
+0.392
+0.000
+0.000
+0.000
+0.000
+0.398
+0.000
+0.000
+0.000
+0.000
+0.382
+0.000
+0.000
+0.000
+0.000
+0.349
+0.000
+0.000
+0.000
+0.000
+0.319
+0.000
+0.000
+0.000
+0.000
+0.279
+0.000
+0.000
+0.000
+0.000
+0.236
+0.000
+0.000
+0.000
+0.000
+0.204
+0.000
+0.000
+0.000
+0.000
+0.187
+0.000
+0.000
+0.000
+0.000
+0.168
+0.000
+0.000
+0.000
+0.000
+0.145
+0.000
+0.000
+0.000
+0.000
+0.141
+0.000
+0.000
+0.000
+0.000
+0.153
+0.000
+0.000
+0.000
+0.000
+0.156
+0.000
+0.000
+0.000
+0.000
+0.149
+0.000
+0.000
+0.000
+0.000
+0.132
+0.000
+0.000
+0.000
+0.000
+0.117
+0.000
+0.000
+0.000
+0.000
+0.180
+0.000
+0.000
+0.000
+0.000
+0.251
+0.000
+0.000
+0.000
+0.000
+0.311
+0.000
+0.000
+0.000
+0.000
+0.355
+0.000
+0.000
+0.000
+0.000
+0.448
+0.000
+0.000
+0.000
+0.000
+0.625
+0.000
+0.000
+0.000
+0.000
+0.726
+0.000
+0.000
+0.000
+0.000
+0.739
+0.000
+0.000
+0.000
+0.000
+0.700
+0.000
+0.000
+0.000
+0.000
+0.562
+0.000
+0.000
+0.000
+0.000
+0.172
+0.000
+0.000
+0.000
+0.000
-0.525
+0.000
+0.000
+0.000
+0.000
-1.354
+0.000
+0.000
+0.000
+0.000
-2.065
+0.000
+0.000
+0.000
+0.000
-2.440
+0.000
+0.000
+0.000
+0.000
-2.509
+0.000
+0.000
+0.000
+0.000
-2.334
+0.000
+0.000
+0.000
+0.000
-2.028
+0.000
+0.000
+0.000
+0.000
-1.615
+0.000
+0.000
+0.000
+0.000
-1.192
+0.000
+0.000
+0.000
+0.000
-0.778
+0.000
+0.000
+0.000
+0.000
-0.341
+0.000
+0.000
+0.000
+0.000
+0.103
+0.000
+0.000
+0.000
+0.000
+0.574
+0.000
+0.000
+0.000
+0.000
+0.994
+0.000
+0.000
+0.000
+0.000
+1.421
+0.000
+0.000
+0.000
+0.000
+1.782
+0.000
+0.000
+0.000
+0.000
+2.078
+0.000
+0.000
+0.000
+0.000
+2.303
+0.000
+0.000
+0.000
+0.000
+2.568
+0.000
+0.000
+0.000
+0.000
+2.712
+0.000
+0.000
+0.000
+0.000
+2.684
+0.000
+0.000
+0.000
+0.000
+2.464
+0.000
+0.000
+0.000
+0.000
+2.125
+0.000
+0.000
+0.000
+0.000
+1.734
+0.000
+0.000
+0.000
+0.000
+1.348
+0.000
+0.000
+0.000
+0.000
+0.999
+0.000
+0.000
+0.000
+0.000
+0.713
+0.000
+0.000
+0.000
+0.000
+0.497
+0.000
+0.000
+0.000
+0.000
+0.571
+0.000
+0.000
+0.000
+0.000
+0.869
+0.000
+0.000
+0.000
+0.000
+1.404
+0.000
+0.000
+0.000
+0.000
+2.155
+0.000
+0.000
+0.000
+0.000
+3.098
+0.000
+0.000
+0.000
+0.000
+4.154
+0.000
+0.000
+0.000
+0.000
+5.310
+0.000
+0.000
+0.000
+0.000
+6.348
+0.000
+0.000
+0.000
+0.000
+10.03
+0.000
+0.000
+0.000
+0.000
+30.95
+0.000
+0.000
+0.000
+0.000
+10.71
+0.000
+0.000
+0.000
+0.000
+3.717
+0.000
+0.000
+0.000
+0.000
+2.142
+0.000
+0.000
+0.000
+0.000
+1.592
+0.000
+0.000
+0.000
+0.000
+1.485
+0.000
+0.000
+0.000
+0.000
+1.459
+0.000
+0.000
+0.000
+0.000
+1.421
+0.000
+0.000
+0.000
+0.000
+1.384
+0.000
+0.000
+0.000
+0.000
+1.375
+0.000
+0.000
+0.000
+0.000
+1.258
+0.000
+0.000
+0.000
+0.000
+1.063
+0.000
+0.000
+0.000
+0.000
+0.787
+0.000
+0.000
+0.000
+0.000
+0.430
+0.000
+0.000
+0.000
+0.000
+0.156
+0.000
+0.000
+0.000
+0.000
-0.090
+0.000
+0.000
+0.000
+0.000
-0.361
+0.000
+0.000
+0.000
+0.000
-0.691
+0.000
+0.000
+0.000
+0.000
-1.008
+0.000
+0.000
+0.000
+0.000
-1.281
+0.000
+0.000
+0.000
+0.000
-1.413
+0.000
+0.000
+0.000
+0.000
-1.425
+0.000
+0.000
+0.000
+0.000
-1.284
+0.000
+0.000
+0.000
+0.000
-1.001
+0.000
+0.000
+0.000
+0.000
-0.643
+0.000
+0.000
+0.000
+0.000
-0.322
+0.000
+0.000
+0.000
+0.000
-0.054
+0.000
+0.000
+0.000
+0.000
+0.187
+0.000
+0.000
+0.000
+0.000
+0.405
+0.000
+0.000
+0.000
+0.000
+0.586
+0.000
+0.000
+0.000
+0.000
+0.713
+0.000
+0.000
+0.000
+0.000
+0.833
+0.000
+0.000
+0.000
+0.000
+0.796
+0.000
+0.000
+0.000
+0.000
+0.784
+0.000
+0.000
+0.000
+0.000
+0.890
+0.000
+0.000
+0.000
+0.000
+1.088
+0.000
+0.000
+0.000
+0.000
+1.242
+0.000
+0.000
+0.000
+0.000
+1.348
+0.000
+0.000
+0.000
+0.000
+1.409
+0.000
+0.000
+0.000
+0.000
+1.290
+0.000
+0.000
+0.000
+0.000
+1.074
+0.000
+0.000
+0.000
+0.000
+0.866
+0.000
+0.000
+0.000
+0.000
+0.675
+0.000
+0.000
+0.000
+0.000
+0.480
+0.000
+0.000
+0.000
+0.000
+0.159
+0.000
+0.000
+0.000
+0.000
-0.236
+0.000
+0.000
+0.000
+0.000
-0.616
+0.000
+0.000
+0.000
+0.000
-0.819
+0.000
+0.000
+0.000
+0.000
-0.861
+0.000
+0.000
+0.000
+0.000
-0.849
+0.000
+0.000
+0.000
+0.000
-0.840
+0.000
+0.000
+0.000
+0.000
-0.757
+0.000
+0.000
+0.000
+0.000
-0.659
+0.000
+0.000
+0.000
+0.000
-0.586
+0.000
+0.000
+0.000
+0.000
-0.515
+0.000
+0.000
+0.000
+0.000
-0.466
+0.000
+0.000
+0.000
+0.000
-0.508
+0.000
+0.000
+0.000
+0.000
-0.590
+0.000
+0.000
+0.000
+0.000
-0.667
+0.000
+0.000
+0.000
+0.000
-0.759
+0.000
+0.000
+0.000
+0.000
-0.873
+0.000
+0.000
+0.000
+0.000
-0.642
+0.000
+0.000
+0.000
+0.000
-0.354
+0.000
+0.000
+0.000
+0.000
-0.175
+0.000
+0.000
+0.000
+0.000
-0.184
+0.000
+0.000
+0.000
+0.000
-0.236
+0.000
+0.000
+0.000
+0.000
-0.306
+0.000
+0.000
+0.000
+0.000
-0.354
+0.000
+0.000
+0.000
+0.000
-0.337
+0.000
+0.000
+0.000
+0.000
-0.336
+0.000
+0.000
+0.000
+0.000
-0.362
+0.000
+0.000
+0.000
+0.000
-0.406
+0.000
+0.000
+0.000
+0.000
-0.485
+0.000
+0.000
+0.000
+0.000
-0.622
+0.000
+0.000
+0.000
+0.000
-0.806
+0.000
+0.000
+0.000
+0.000
-1.006
+0.000
+0.000
+0.000
+0.000
-1.390
+0.000
+0.000
+0.000
+0.000
-2.280
+0.000
+0.000
+0.000
+0.000
-4.285
+0.000
+0.000
+0.000
+0.000
-15.15
+0.000
+0.000
+0.000
+0.000
-27.37
+0.000
+0.000
+0.000
+0.000
-36.03
+0.000
+0.000
+0.000
+0.000
-7.466
+0.000
+0.000
+0.000
+0.000
-0.003
+0.000
+0.000
+0.000
+0.000
+0.523
+0.000
+0.000
+0.000
+0.000
+0.554
+0.000
+0.000
+0.000
+0.000
+0.546
+0.000
+0.000
+0.000
+0.000
+0.526
+0.000
+0.000
+0.000
+0.000
+0.492
+0.000
+0.000
+0.000
+0.000
+0.443
+0.000
+0.000
+0.000
+0.000
+0.338
+0.000
+0.000
+0.000
+0.000
+0.208
+0.000
+0.000
+0.000
+0.000
+0.058
+0.000
+0.000
+0.000
+0.000
-0.071
+0.000
+0.000
+0.000
+0.000
-0.442
+0.000
+0.000
+0.000
+0.000
-1.158
+0.000
+0.000
+0.000
+0.000
-2.767
+0.000
+0.000
+0.000
+0.000
-5.952
+0.000
+0.000
+0.000
+0.000
-17.54
+0.000
+0.000
+0.000
+0.000
-13.32
+0.000
+0.000
+0.000
+0.000
-10.73
+0.000
+0.000
+0.000
+0.000
-5.462
+0.000
+0.000
+0.000
+0.000
-3.199
+0.000
+0.000
+0.000
+0.000
-1.523
+0.000
+0.000
+0.000
+0.000
-0.811
+0.000
+0.000
+0.000
+0.000
-0.368
+0.000
+0.000
+0.000
+0.000
-0.005
+0.000
+0.000
+0.000
+0.000
+0.130
+0.000
+0.000
+0.000
+0.000
+0.633
+0.000
+0.000
+0.000
+0.000
+1.388
+0.000
+0.000
+0.000
+0.000
+3.044
+0.000
+0.000
+0.000
+0.000
+31.43
+0.000
+0.000
+0.000
+0.000
+13.84
+0.000
+0.000
+0.000
+0.000
+18.55
+0.000
+0.000
+0.000
+0.000
+4.285
+0.000
+0.000
+0.000
+0.000
+1.099
+0.000
+0.000
+0.000
+0.000
+0.164
+0.000
+0.000
+0.000
+0.000
-0.335
+0.000
+0.000
+0.000
+0.000
-0.737
+0.000
+0.000
+0.000
+0.000
-1.095
+0.000
+0.000
+0.000
+0.000
-1.509
+0.000
+0.000
+0.000
+0.000
-1.620
+0.000
+0.000
+0.000
+0.000
-1.558
+0.000
+0.000
+0.000
+0.000
-1.519
+0.000
+0.000
+0.000
+0.000
-1.496
+0.000
+0.000
+0.000
+0.000
-1.641
+0.000
+0.000
+0.000
+0.000
-2.048
+0.000
+0.000
+0.000
+0.000
-1.901
+0.000
+0.000
+0.000
+0.000
-1.797
+0.000
+0.000
+0.000
+0.000
-1.248
+0.000
+0.000
+0.000
+0.000
-0.816
+0.000
+0.000
+0.000
+0.000
-0.573
+0.000
+0.000
+0.000
+0.000
-0.575
+0.000
+0.000
+0.000
+0.000
-0.996
+0.000
+0.000
+0.000
+0.000
-0.354
+0.000
+0.000
+0.000
+0.000
+0.678
+0.000
+0.000
+0.000
+0.000
+0.797
+0.000
+0.000
+0.000
+0.000
+0.894
+0.000
+0.000
+0.000
+0.000
+0.843
+0.000
+0.000
+0.000
+0.000
+1.234
+0.000
+0.000
+0.000
+0.000
+1.576
+0.000
+0.000
+0.000
+0.000
+2.198
+0.000
+0.000
+0.000
+0.000
+3.107
+0.000
+0.000
+0.000
+0.000
+3.751
+0.000
+0.000
+0.000
+0.000
+3.863
+0.000
+0.000
+0.000
+0.000
+3.428
+0.000
+0.000
+0.000
+0.000
+2.777
+0.000
+0.000
+0.000
+0.000
+1.923
+0.000
+0.000
+0.000
+0.000
+1.017
+0.000
+0.000
+0.000
+0.000
+0.513
+0.000
+0.000
+0.000
+0.000
-0.162
+0.000
+0.000
+0.000
+0.000
-0.955
+0.000
+0.000
+0.000
+0.000
-1.421
+0.000
+0.000
+0.000
+0.000
-6.077
+0.000
+0.000
+0.000
+0.000
-2.632
+0.000
+0.000
+0.000
+0.000
-1.283
+0.000
+0.000
+0.000
+0.000
-1.000
+0.000
+0.000
+0.000
+0.000
-0.900
+0.000
+0.000
+0.000
+0.000
-0.863
+0.000
+0.000
+0.000
+0.000
-0.855
+0.000
+0.000
+0.000
+0.000
-0.899
+0.000
+0.000
+0.000
+0.000
-0.877
+0.000
+0.000
+0.000
+0.000
-0.587
+0.000
+0.000
+0.000
+0.000
+0.212
+0.000
+0.000
+0.000
+0.000
+1.005
+0.000
+0.000
+0.000
+0.000
+2.187
+0.000
+0.000
+0.000
+0.000
+5.351
+0.000
+0.000
+0.000
+0.000
+6.664
+0.000
+0.000
+0.000
+0.000
+3.549
+0.000
+0.000
+0.000
+0.000
+1.715
+0.000
+0.000
+0.000
+0.000
+0.742
+0.000
+0.000
+0.000
+0.000
+2.687
+0.000
+0.000
+0.000
+0.000
+5.209
+0.000
+0.000
+0.000
+0.000
+14.16
+0.000
+0.000
+0.000
+0.000
+8.480
+0.000
+0.000
+0.000
+0.000
+4.877
+0.000
+0.000
+0.000
+0.000
+3.469
+0.000
+0.000
+0.000
+0.000
+3.035
+0.000
+0.000
+0.000
+0.000
+2.935
+0.000
+0.000
+0.000
+0.000
+3.045
+0.000
+0.000
+0.000
+0.000
+3.371
+0.000
+0.000
+0.000
+0.000
+4.045
+0.000
+0.000
+0.000
+0.000
+5.284
+0.000
+0.000
+0.000
+0.000
+8.997
+0.000
+0.000
+0.000
+0.000
+158.1
+0.000
+0.000
+0.000
+0.000
+8.039
+0.000
+0.000
+0.000
+0.000
+3.775
+0.000
+0.000
+0.000
+0.000
+2.090
+0.000
+0.000
+0.000
+0.000
+1.188
+0.000
+0.000
+0.000
+0.000
+0.675
+0.000
+0.000
+0.000
+0.000
+0.333
+0.000
+0.000
+0.000
+0.000
+0.222
+0.000
+0.000
+0.000
+0.000
+0.168
+0.000
+0.000
+0.000
+0.000
+0.099
+0.000
+0.000
+0.000
+0.000
+0.015
+0.000
+0.000
+0.000
+0.000
-0.052
+0.000
+0.000
+0.000
+0.000
-0.049
+0.000
+0.000
+0.000
+0.000
+0.059
+0.000
+0.000
+0.000
+0.000
+0.169
+0.000
+0.000
+0.000
+0.000
+0.258
+0.000
+0.000
+0.000
+0.000
+0.328
+0.000
+0.000
+0.000
+0.000
+0.371
+0.000
+0.000
+0.000
+0.000
+0.382
+0.000
+0.000
+0.000
+0.000
+0.359
+0.000
+0.000
+0.000
+0.000
+0.405
+0.000
+0.000
+0.000
+0.000
+0.460
+0.000
+0.000
+0.000
+0.000
+0.484
+0.000
+0.000
+0.000
+0.000
+0.474
+0.000
+0.000
+0.000
+0.000
+0.457
+0.000
+0.000
+0.000
+0.000
+0.468
+0.000
+0.000
+0.000
+0.000
+0.415
+0.000
+0.000
+0.000
+0.000
+0.321
+0.000
+0.000
+0.000
+0.000
+0.189
+0.000
+0.000
+0.000
+0.000
-0.007
+0.000
+0.000
+0.000
+0.000
-0.265
+0.000
+0.000
+0.000
+0.000
-0.397
+0.000
+0.000
+0.000
+0.000
-0.348
+0.000
+0.000
+0.000
+0.000
-0.231
+0.000
+0.000
+0.000
+0.000
+0.123
+0.000
+0.000
+0.000
+0.000
+0.589
+0.000
+0.000
+0.000
+0.000
+1.008
+0.000
+0.000
+0.000
+0.000
+1.298
+0.000
+0.000
+0.000
+0.000
+1.337
+0.000
+0.000
+0.000
+0.000
+1.173
+0.000
+0.000
+0.000
+0.000
+0.820
+0.000
+0.000
+0.000
+0.000
+0.422
+0.000
+0.000
+0.000
+0.000
+0.072
+0.000
+0.000
+0.000
+0.000
-0.122
+0.000
+0.000
+0.000
+0.000
-0.069
+0.000
+0.000
+0.000
+0.000
-0.081
+0.000
+0.000
+0.000
+0.000
-0.103
+0.000
+0.000
+0.000
+0.000
-0.104
+0.000
+0.000
+0.000
+0.000
-0.066
+0.000
+0.000
+0.000
+0.000
-0.037
+0.000
+0.000
+0.000
+0.000
-0.023
+0.000
+0.000
+0.000
+0.000
-0.016
+0.000
+0.000
+0.000
+0.000
-0.022
+0.000
+0.000
+0.000
+0.000
-0.035
+0.000
+0.000
+0.000
+0.000
-0.052
+0.000
+0.000
+0.000
+0.000
-0.073
+0.000
+0.000
+0.000
+0.000
-0.089
+0.000
+0.000
+0.000
+0.000
-0.084
+0.000
+0.000
+0.000
+0.000
-0.077
+0.000
+0.000
+0.000
+0.000
-0.068
+0.000
+0.000
+0.000
+0.000
-0.050
+0.000
+0.000
+0.000
+0.000
-0.034
+0.000
+0.000
+0.000
+0.000
-0.023
+0.000
+0.000
+0.000
+0.000
-0.101
+0.000
+0.000
+0.000
+0.000
-0.318
+0.000
+0.000
+0.000
+0.000
-0.776
+0.000
+0.000
+0.000
+0.000
-1.515
+0.000
+0.000
+0.000
+0.000
-2.571
+0.000
+0.000
+0.000
+0.000
-3.968
+0.000
+0.000
+0.000
+0.000
-5.675
+0.000
+0.000
+0.000
+0.000
-7.593
+0.000
+0.000
+0.000
+0.000
-8.868
+0.000
+0.000
+0.000
+0.000
-8.492
+0.000
+0.000
+0.000
+0.000
-6.474
+0.000
+0.000
+0.000
+0.000
-4.285
+0.000
+0.000
+0.000
+0.000
-2.637
+0.000
+0.000
+0.000
+0.000
-1.543
+0.000
+0.000
+0.000
+0.000
-0.842
+0.000
+0.000
+0.000
+0.000
-0.572
+0.000
+0.000
+0.000
+0.000
-0.405
+0.000
+0.000
+0.000
+0.000
-0.415
+0.000
+0.000
+0.000
+0.000
-0.422
+0.000
+0.000
+0.000
+0.000
-0.426
+0.000
+0.000
+0.000
+0.000
-0.429
+0.000
+0.000
+0.000
+0.000
-0.428
+0.000
+0.000
+0.000
+0.000
-0.414
+0.000
+0.000
+0.000
+0.000
-0.394
+0.000
+0.000
+0.000
+0.000
-0.370
+0.000
+0.000
+0.000
+0.000
-0.343
+0.000
+0.000
+0.000
+0.000
-0.312
+0.000
+0.000
+0.000
+0.000
-0.277
+0.000
+0.000
+0.000
+0.000
-0.247
+0.000
+0.000
+0.000
+0.000
-0.247
+0.000
+0.000
+0.000
+0.000
-0.269
+0.000
+0.000
+0.000
+0.000
-0.290
+0.000
+0.000
+0.000
+0.000
-0.287
+0.000
+0.000
+0.000
+0.000
-0.295
+0.000
+0.000
+0.000
+0.000
-0.298
+0.000
+0.000
+0.000
+0.000
-0.278
+0.000
+0.000
+0.000
+0.000
-0.237
+0.000
+0.000
+0.000
+0.000
-0.179
+0.000
+0.000
+0.000
+0.000
-0.128
+0.000
+0.000
+0.000
+0.000
-0.111
+0.000
+0.000
+0.000
+0.000
-0.105
+0.000
+0.000
+0.000
+0.000
-0.216
+0.000
+0.000
+0.000
+0.000
-0.408
+0.000
+0.000
+0.000
+0.000
-0.593
+0.000
+0.000
+0.000
+0.000
-0.737
+0.000
+0.000
+0.000
+0.000
-0.891
+0.000
+0.000
+0.000
+0.000
-1.019
+0.000
+0.000
+0.000
+0.000
-1.083
+0.000
+0.000
+0.000
+0.000
-1.068
+0.000
+0.000
+0.000
+0.000
-0.971
+0.000
+0.000
+0.000
+0.000
-0.810
+0.000
+0.000
+0.000
+0.000
-0.624
+0.000
+0.000
+0.000
+0.000
-0.608
+0.000
+0.000
+0.000
+0.000
-0.566
+0.000
+0.000
+0.000
+0.000
-0.622
+0.000
+0.000
+0.000
+0.000
-0.662
+0.000
+0.000
+0.000
+0.000
-0.760
+0.000
+0.000
+0.000
+0.000
-0.932
+0.000
+0.000
+0.000
+0.000
-1.104
+0.000
+0.000
+0.000
+0.000
-1.315
+0.000
+0.000
+0.000
+0.000
-1.699
+0.000
+0.000
+0.000
+0.000
-2.095
+0.000
+0.000
+0.000
+0.000
-2.949
+0.000
+0.000
+0.000
+0.000
-3.905
+0.000
+0.000
+0.000
+0.000
-4.810
+0.000
+0.000
+0.000
+0.000
-5.579
+0.000
+0.000
+0.000
+0.000
-6.672
+0.000
+0.000
+0.000
+0.000
-7.502
+0.000
+0.000
+0.000
+0.000
-8.775
+0.000
+0.000
+0.000
+0.000
-10.14
+0.000
+0.000
+0.000
+0.000
-10.28
+0.000
+0.000
+0.000
+0.000
-9.717
+0.000
+0.000
+0.000
+0.000
-7.560
+0.000
+0.000
+0.000
+0.000
-4.898
+0.000
+0.000
+0.000
+0.000
-2.891
+0.000
+0.000
+0.000
+0.000
-2.096
+0.000
+0.000
+0.000
+0.000
-1.512
+0.000
+0.000
+0.000
+0.000
-1.363
+0.000
+0.000
+0.000
+0.000
-1.135
+0.000
+0.000
+0.000
+0.000
-1.011
+0.000
+0.000
+0.000
+0.000
-1.063
+0.000
+0.000
+0.000
+0.000
-1.098
+0.000
+0.000
+0.000
+0.000
-1.273
+0.000
+0.000
+0.000
+0.000
-1.502
+0.000
+0.000
+0.000
+0.000
-1.927
+0.000
+0.000
+0.000
+0.000
-2.693
+0.000
+0.000
+0.000
+0.000
-3.569
+0.000
+0.000
+0.000
+0.000
-4.452
+0.000
+0.000
+0.000
+0.000
-5.470
+0.000
+0.000
+0.000
+0.000
-5.655
+0.000
+0.000
+0.000
+0.000
-4.783
+0.000
+0.000
+0.000
+0.000
-3.889
+0.000
+0.000
+0.000
+0.000
-3.197
+0.000
+0.000
+0.000
+0.000
-3.893
+0.000
+0.000
+0.000
+0.000
-4.472
+0.000
+0.000
+0.000
+0.000
-7.326
+0.000
+0.000
+0.000
+0.000
-17.46
+0.000
+0.000
+0.000
+0.000
-37.97
+0.000
+0.000
+0.000
+0.000
-9.279
+0.000
+0.000
+0.000
+0.000
-5.124
+0.000
+0.000
+0.000
+0.000
-3.630
+0.000
+0.000
+0.000
+0.000
-2.908
+0.000
+0.000
+0.000
+0.000
-2.336
+0.000
+0.000
+0.000
+0.000
-1.825
+0.000
+0.000
+0.000
+0.000
-1.343
+0.000
+0.000
+0.000
+0.000
-0.957
+0.000
+0.000
+0.000
+0.000
-0.441
+0.000
+0.000
+0.000
+0.000
+0.766
+0.000
+0.000
+0.000
+0.000
+1.956
+0.000
+0.000
+0.000
+0.000
+0.736
+0.000
+0.000
+0.000
+0.000
+0.246
+0.000
+0.000
+0.000
+0.000
+0.130
+0.000
+0.000
+0.000
+0.000
+0.047
+0.000
+0.000
+0.000
+0.000
-0.150
+0.000
+0.000
+0.000
+0.000
-0.404
+0.000
+0.000
+0.000
+0.000
-0.943
+0.000
+0.000
+0.000
+0.000
-1.464
+0.000
+0.000
+0.000
+0.000
-2.449
+0.000
+0.000
+0.000
+0.000
-21.55
+0.000
+0.000
+0.000
+0.000
-1.630
+0.000
+0.000
+0.000
+0.000
-0.527
+0.000
+0.000
+0.000
+0.000
-0.039
+0.000
+0.000
+0.000
+0.000
+0.481
+0.000
+0.000
+0.000
+0.000
+1.620
+0.000
+0.000
+0.000
+0.000
+12.99
+0.000
+0.000
+0.000
+0.000
+2.982
+0.000
+0.000
+0.000
+0.000
+1.049
+0.000
+0.000
+0.000
+0.000
+0.401
+0.000
+0.000
+0.000
+0.000
+0.032
+0.000
+0.000
+0.000
+0.000
+0.072
+0.000
+0.000
+0.000
+0.000
+0.064
+0.000
+0.000
+0.000
+0.000
+0.087
+0.000
+0.000
+0.000
+0.000
+0.118
+0.000
+0.000
+0.000
+0.000
+0.149
+0.000
+0.000
+0.000
+0.000
+0.243
+0.000
+0.000
+0.000
+0.000
+0.328
+0.000
+0.000
+0.000
+0.000
+0.495
+0.000
+0.000
+0.000
+0.000
+0.649
+0.000
+0.000
+0.000
+0.000
+0.758
+0.000
+0.000
+0.000
+0.000
+0.759
+0.000
+0.000
+0.000
+0.000
+0.818
+0.000
+0.000
+0.000
+0.000
+0.841
+0.000
+0.000
+0.000
+0.000
+0.772
+0.000
+0.000
+0.000
+0.000
+0.572
+0.000
+0.000
+0.000
+0.000
+0.380
+0.000
+0.000
+0.000
+0.000
+0.219
+0.000
+0.000
+0.000
+0.000
+0.099
+0.000
+0.000
+0.000
+0.000
+0.086
+0.000
+0.000
+0.000
+0.000
-0.023
+0.000
+0.000
+0.000
+0.000
-0.096
+0.000
+0.000
+0.000
+0.000
-0.213
+0.000
+0.000
+0.000
+0.000
-0.377
+0.000
+0.000
+0.000
+0.000
-0.588
+0.000
+0.000
+0.000
+0.000
-0.606
+0.000
+0.000
+0.000
+0.000
-0.455
+0.000
+0.000
+0.000
+0.000
-0.243
+0.000
+0.000
+0.000
+0.000
-0.077
+0.000
+0.000
+0.000
+0.000
+0.173
+0.000
+0.000
+0.000
+0.000
+0.441
+0.000
+0.000
+0.000
+0.000
+0.731
+0.000
+0.000
+0.000
+0.000
+1.157
+0.000
+0.000
+0.000
+0.000
+1.400
+0.000
+0.000
+0.000
+0.000
+1.432
+0.000
+0.000
+0.000
+0.000
+1.459
+0.000
+0.000
+0.000
+0.000
+1.569
+0.000
+0.000
+0.000
+0.000
+1.538
+0.000
+0.000
+0.000
+0.000
+1.821
+0.000
+0.000
+0.000
+0.000
+2.649
+0.000
+0.000
+0.000
+0.000
+3.810
+0.000
+0.000
+0.000
+0.000
+5.987
+0.000
+0.000
+0.000
+0.000
+7.476
+0.000
+0.000
+0.000
+0.000
+7.273
+0.000
+0.000
+0.000
+0.000
+7.678
+0.000
+0.000
+0.000
+0.000
+6.253
+0.000
+0.000
+0.000
+0.000
+5.104
+0.000
+0.000
+0.000
+0.000
+4.096
+0.000
+0.000
+0.000
+0.000
+2.743
+0.000
+0.000
+0.000
+0.000
+1.727
+0.000
+0.000
+0.000
+0.000
+1.206
+0.000
+0.000
+0.000
+0.000
+0.867
+0.000
+0.000
+0.000
+0.000
+0.545
+0.000
+0.000
+0.000
+0.000
+0.259
+0.000
+0.000
+0.000
+0.000
+0.148
+0.000
+0.000
+0.000
+0.000
+0.198
+0.000
+0.000
+0.000
+0.000
+0.287
+0.000
+0.000
+0.000
+0.000
+0.413
+0.000
+0.000
+0.000
+0.000
+0.575
+0.000
+0.000
+0.000
+0.000
+0.793
+0.000
+0.000
+0.000
+0.000
+1.147
+0.000
+0.000
+0.000
+0.000
+1.585
+0.000
+0.000
+0.000
+0.000
+1.834
+0.000
+0.000
+0.000
+0.000
+1.921
+0.000
+0.000
+0.000
+0.000
+1.878
+0.000
+0.000
+0.000
+0.000
+1.630
+0.000
+0.000
+0.000
+0.000
+1.276
+0.000
+0.000
+0.000
+0.000
+0.875
+0.000
+0.000
+0.000
+0.000
+0.476
+0.000
+0.000
+0.000
+0.000
+0.173
+0.000
+0.000
+0.000
+0.000
-0.213
+0.000
+0.000
+0.000
+0.000
-0.995
+0.000
+0.000
+0.000
+0.000
-2.062
+0.000
+0.000
+0.000
+0.000
-3.210
+0.000
+0.000
+0.000
+0.000
-4.427
+0.000
+0.000
+0.000
+0.000
-5.866
+0.000
+0.000
+0.000
+0.000
-6.787
+0.000
+0.000
+0.000
+0.000
-7.478
+0.000
+0.000
+0.000
+0.000
-11.64
+0.000
+0.000
+0.000
+0.000
-29.62
+0.000
+0.000
+0.000
+0.000
-148.7
+0.000
+0.000
+0.000
+0.000
-96.15
+0.000
+0.000
+0.000
+0.000
-23.98
+0.000
+0.000
+0.000
+0.000
-15.33
+0.000
+0.000
+0.000
+0.000
-12.68
+0.000
+0.000
+0.000
+0.000
-9.121
+0.000
+0.000
+0.000
+0.000
-7.633
+0.000
+0.000
+0.000
+0.000
-7.860
+0.000
+0.000
+0.000
+0.000
-8.796
+0.000
+0.000
+0.000
+0.000
-8.113
+0.000
+0.000
+0.000
+0.000
-8.024
+0.000
+0.000
+0.000
+0.000
-9.918
+0.000
+0.000
+0.000
+0.000
-9.481
+0.000
+0.000
+0.000
+0.000
-9.453
+0.000
+0.000
+0.000
+0.000
-6.668
+0.000
+0.000
+0.000
+0.000
-4.995
+0.000
+0.000
+0.000
+0.000
-3.355
+0.000
+0.000
+0.000
+0.000
-2.753
+0.000
+0.000
+0.000
+0.000
-2.580
+0.000
+0.000
+0.000
+0.000
-2.873
+0.000
+0.000
+0.000
+0.000
-5.356
+0.000
+0.000
+0.000
+0.000
-10.52
+0.000
+0.000
+0.000
+0.000
-2.601
+0.000
+0.000
+0.000
+0.000
-1.457
+0.000
+0.000
+0.000
+0.000
-0.864
+0.000
+0.000
+0.000
+0.000
-0.365
+0.000
+0.000
+0.000
+0.000
+0.099
+0.000
+0.000
+0.000
+0.000
+0.417
+0.000
+0.000
+0.000
+0.000
+0.602
+0.000
+0.000
+0.000
+0.000
+0.734
+0.000
+0.000
+0.000
+0.000
+0.812
+0.000
+0.000
+0.000
+0.000
+0.960
+0.000
+0.000
+0.000
+0.000
+1.119
+0.000
+0.000
+0.000
+0.000
+1.163
+0.000
+0.000
+0.000
+0.000
+1.180
+0.000
+0.000
+0.000
+0.000
+1.125
+0.000
+0.000
+0.000
+0.000
+0.950
+0.000
+0.000
+0.000
+0.000
+0.653
+0.000
+0.000
+0.000
+0.000
+0.410
+0.000
+0.000
+0.000
+0.000
+0.322
+0.000
+0.000
+0.000
+0.000
+0.423
+0.000
+0.000
+0.000
+0.000
+0.429
+0.000
+0.000
+0.000
+0.000
+0.543
+0.000
+0.000
+0.000
+0.000
+0.746
+0.000
+0.000
+0.000
+0.000
+0.817
+0.000
+0.000
+0.000
+0.000
+0.836
+0.000
+0.000
+0.000
+0.000
+0.853
+0.000
+0.000
+0.000
+0.000
+0.740
+0.000
+0.000
+0.000
+0.000
+0.483
+0.000
+0.000
+0.000
+0.000
+0.433
+0.000
+0.000
+0.000
+0.000
+0.563
+0.000
+0.000
+0.000
+0.000
+0.811
+0.000
+0.000
+0.000
+0.000
+1.005
+0.000
+0.000
+0.000
+0.000
+1.096
+0.000
+0.000
+0.000
+0.000
+1.090
+0.000
+0.000
+0.000
+0.000
+0.878
+0.000
+0.000
+0.000
+0.000
+0.661
+0.000
+0.000
+0.000
+0.000
-0.004
+0.000
+0.000
+0.000
+0.000
-1.461
+0.000
+0.000
+0.000
+0.000
-22.32
+0.000
+0.000
+0.000
+0.000
-3.194
+0.000
+0.000
+0.000
+0.000
-1.365
+0.000
+0.000
+0.000
+0.000
-0.313
+0.000
+0.000
+0.000
+0.000
+1.034
+0.000
+0.000
+0.000
+0.000
+3.218
+0.000
+0.000
+0.000
+0.000
+6.667
+0.000
+0.000
+0.000
+0.000
+12.10
+0.000
+0.000
+0.000
+0.000
+20.22
+0.000
+0.000
+0.000
+0.000
+25.51
+0.000
+0.000
+0.000
+0.000
+22.99
+0.000
+0.000
+0.000
+0.000
+13.87
+0.000
+0.000
+0.000
+0.000
+8.882
+0.000
+0.000
+0.000
+0.000
+4.230
+0.000
+0.000
+0.000
+0.000
+1.334
+0.000
+0.000
+0.000
+0.000
-0.504
+0.000
+0.000
+0.000
+0.000
-2.626
+0.000
+0.000
+0.000
+0.000
-8.029
+0.000
+0.000
+0.000
+0.000
-213.6
+0.000
+0.000
+0.000
+0.000
-4.251
+0.000
+0.000
+0.000
+0.000
-1.005
+0.000
+0.000
+0.000
+0.000
-0.049
+0.000
+0.000
+0.000
+0.000
+0.346
+0.000
+0.000
+0.000
+0.000
+0.509
+0.000
+0.000
+0.000
+0.000
+0.590
+0.000
+0.000
+0.000
+0.000
+0.682
+0.000
+0.000
+0.000
+0.000
+0.903
+0.000
+0.000
+0.000
+0.000
+1.053
+0.000
+0.000
+0.000
+0.000
+1.476
+0.000
+0.000
+0.000
+0.000
+2.669
+0.000
+0.000
+0.000
+0.000
+7.738
+0.000
+0.000
+0.000
+0.000
+10.65
+0.000
+0.000
+0.000
+0.000
+4.081
+0.000
+0.000
+0.000
+0.000
+2.679
+0.000
+0.000
+0.000
+0.000
+1.961
+0.000
+0.000
+0.000
+0.000
+1.301
+0.000
+0.000
+0.000
+0.000
+0.744
+0.000
+0.000
+0.000
+0.000
+0.049
+0.000
+0.000
+0.000
+0.000
-0.619
+0.000
+0.000
+0.000
+0.000
-1.872
+0.000
+0.000
+0.000
+0.000
-4.661
+0.000
+0.000
+0.000
+0.000
-10.61
+0.000
+0.000
+0.000
+0.000
-50.08
+0.000
+0.000
+0.000
+0.000
-31.60
+0.000
+0.000
+0.000
+0.000
-25.68
+0.000
+0.000
+0.000
+0.000
-35.41
+0.000
+0.000
+0.000
+0.000
-47.92
+0.000
+0.000
+0.000
+0.000
-94.78
+0.000
+0.000
+0.000
+0.000
-113.4
+0.000
+0.000
+0.000
+0.000
-22.57
+0.000
+0.000
+0.000
+0.000
-10.94
+0.000
+0.000
+0.000
+0.000
-7.569
+0.000
+0.000
+0.000
+0.000
-5.342
+0.000
+0.000
+0.000
+0.000
-3.921
+0.000
+0.000
+0.000
+0.000
-2.793
+0.000
+0.000
+0.000
+0.000
-1.816
+0.000
+0.000
+0.000
+0.000
-1.141
+0.000
+0.000
+0.000
+0.000
-0.625
+0.000
+0.000
+0.000
+0.000
-0.312
+0.000
+0.000
+0.000
+0.000
-0.357
+0.000
+0.000
+0.000
+0.000
-0.515
+0.000
+0.000
+0.000
+0.000
-0.835
+0.000
+0.000
+0.000
+0.000
-1.280
+0.000
+0.000
+0.000
+0.000
-2.149
+0.000
+0.000
+0.000
+0.000
-3.767
+0.000
+0.000
+0.000
+0.000
-5.765
+0.000
+0.000
+0.000
+0.000
-6.845
+0.000
+0.000
+0.000
+0.000
-6.379
+0.000
+0.000
+0.000
+0.000
-5.501
+0.000
+0.000
+0.000
+0.000
-4.562
+0.000
+0.000
+0.000
+0.000
-4.038
+0.000
+0.000
+0.000
+0.000
-3.364
+0.000
+0.000
+0.000
+0.000
-2.643
+0.000
+0.000
+0.000
+0.000
-2.044
+0.000
+0.000
+0.000
+0.000
-1.645
+0.000
+0.000
+0.000
+0.000
-1.273
+0.000
+0.000
+0.000
+0.000
-0.876
+0.000
+0.000
+0.000
+0.000
-0.523
+0.000
+0.000
+0.000
+0.000
-0.233
+0.000
+0.000
+0.000
+0.000
+0.001
+0.000
+0.000
+0.000
+0.000
+0.190
+0.000
+0.000
+0.000
+0.000
+0.393
+0.000
+0.000
+0.000
+0.000
+0.938
+0.000
+0.000
+0.000
+0.000
+1.726
+0.000
+0.000
+0.000
+0.000
+3.029
+0.000
+0.000
+0.000
+0.000
+6.228
+0.000
+0.000
+0.000
+0.000
+39.51
+0.000
+0.000
+0.000
+0.000
+8.811
+0.000
+0.000
+0.000
+0.000
+3.826
+0.000
+0.000
+0.000
+0.000
+2.447
+0.000
+0.000
+0.000
+0.000
+1.826
+0.000
+0.000
+0.000
+0.000
+1.187
+0.000
+0.000
+0.000
+0.000
+0.597
+0.000
+0.000
+0.000
+0.000
+0.219
+0.000
+0.000
+0.000
+0.000
-0.041
+0.000
+0.000
+0.000
+0.000
-0.252
+0.000
+0.000
+0.000
+0.000
-0.423
+0.000
+0.000
+0.000
+0.000
-0.496
+0.000
+0.000
+0.000
+0.000
-0.581
+0.000
+0.000
+0.000
+0.000
-0.690
+0.000
+0.000
+0.000
+0.000
-0.822
+0.000
+0.000
+0.000
+0.000
-1.008
+0.000
+0.000
+0.000
+0.000
-1.163
+0.000
+0.000
+0.000
+0.000
-1.399
+0.000
+0.000
+0.000
+0.000
-1.853
+0.000
+0.000
+0.000
+0.000
-3.146
+0.000
+0.000
+0.000
+0.000
-10.77
+0.000
+0.000
+0.000
+0.000
-3.191
+0.000
+0.000
+0.000
+0.000
-1.299
+0.000
+0.000
+0.000
+0.000
-1.136
+0.000
+0.000
+0.000
+0.000
-1.288
+0.000
+0.000
+0.000
+0.000
-2.429
+0.000
+0.000
+0.000
+0.000
-93.35
+0.000
+0.000
+0.000
+0.000
-1.695
+0.000
+0.000
+0.000
+0.000
-0.104
+0.000
+0.000
+0.000
+0.000
+0.539
+0.000
+0.000
+0.000
+0.000
+1.090
+0.000
+0.000
+0.000
+0.000
+1.830
+0.000
+0.000
+0.000
+0.000
+3.029
+0.000
+0.000
+0.000
+0.000
+5.441
+0.000
+0.000
+0.000
+0.000
+168.8
+0.000
+0.000
+0.000
+0.000
+4.878
+0.000
+0.000
+0.000
+0.000
+1.975
+0.000
+0.000
+0.000
+0.000
+0.883
+0.000
+0.000
+0.000
+0.000
+0.510
+0.000
+0.000
+0.000
+0.000
+0.694
+0.000
+0.000
+0.000
+0.000
+0.776
+0.000
+0.000
+0.000
+0.000
+1.007
+0.000
+0.000
+0.000
+0.000
+1.296
+0.000
+0.000
+0.000
+0.000
+3.244
+0.000
+0.000
+0.000
+0.000
+1.588
+0.000
+0.000
+0.000
+0.000
-0.060
+0.000
+0.000
+0.000
+0.000
-0.545
+0.000
+0.000
+0.000
+0.000
-0.939
+0.000
+0.000
+0.000
+0.000
-1.343
+0.000
+0.000
+0.000
+0.000
-1.803
+0.000
+0.000
+0.000
+0.000
-2.360
+0.000
+0.000
+0.000
+0.000
-3.115
+0.000
+0.000
+0.000
+0.000
-3.393
+0.000
+0.000
+0.000
+0.000
-3.416
+0.000
+0.000
+0.000
+0.000
-3.211
+0.000
+0.000
+0.000
+0.000
-2.768
+0.000
+0.000
+0.000
+0.000
-1.901
+0.000
+0.000
+0.000
+0.000
-0.515
+0.000
+0.000
+0.000
+0.000
+3.172
+0.000
+0.000
+0.000
+0.000
+36.78
+0.000
+0.000
+0.000
+0.000
+14.85
+0.000
+0.000
+0.000
+0.000
+9.403
+0.000
+0.000
+0.000
+0.000
+6.873
+0.000
+0.000
+0.000
+0.000
+5.563
+0.000
+0.000
+0.000
+0.000
+4.467
+0.000
+0.000
+0.000
+0.000
+3.292
+0.000
+0.000
+0.000
+0.000
+2.354
+0.000
+0.000
+0.000
+0.000
+1.580
+0.000
+0.000
+0.000
+0.000
+1.013
+0.000
+0.000
+0.000
+0.000
+0.787
+0.000
+0.000
+0.000
+0.000
+0.338
+0.000
+0.000
+0.000
+0.000
-0.376
+0.000
+0.000
+0.000
+0.000
-1.244
+0.000
+0.000
+0.000
+0.000
-2.613
+0.000
+0.000
+0.000
+0.000
-4.159
+0.000
+0.000
+0.000
+0.000
-5.653
+0.000
+0.000
+0.000
+0.000
-7.202
+0.000
+0.000
+0.000
+0.000
-8.360
+0.000
+0.000
+0.000
+0.000
-8.792
+0.000
+0.000
+0.000
+0.000
-8.172
+0.000
+0.000
+0.000
+0.000
-6.918
+0.000
+0.000
+0.000
+0.000
-5.012
+0.000
+0.000
+0.000
+0.000
-3.748
+0.000
+0.000
+0.000
+0.000
-2.801
+0.000
+0.000
+0.000
+0.000
-1.933
+0.000
+0.000
+0.000
+0.000
-1.308
+0.000
+0.000
+0.000
+0.000
-0.948
+0.000
+0.000
+0.000
+0.000
-0.660
+0.000
+0.000
+0.000
+0.000
-0.339
+0.000
+0.000
+0.000
+0.000
-0.103
+0.000
+0.000
+0.000
+0.000
+0.007
+0.000
+0.000
+0.000
+0.000
+0.031
+0.000
+0.000
+0.000
+0.000
-0.006
+0.000
+0.000
+0.000
+0.000
+0.021
+0.000
+0.000
+0.000
+0.000
+0.037
+0.000
+0.000
+0.000
+0.000
+0.042
+0.000
+0.000
+0.000
+0.000
+0.001
+0.000
+0.000
+0.000
+0.000
-0.047
+0.000
+0.000
+0.000
+0.000
-0.095
+0.000
+0.000
+0.000
+0.000
-0.140
+0.000
+0.000
+0.000
+0.000
-0.180
+0.000
+0.000
+0.000
+0.000
-0.124
+0.000
+0.000
+0.000
+0.000
-0.059
+0.000
+0.000
+0.000
+0.000
+0.007
+0.000
+0.000
+0.000
+0.000
+0.057
+0.000
+0.000
+0.000
+0.000
+0.098
+0.000
+0.000
+0.000
+0.000
+0.124
+0.000
+0.000
+0.000
+0.000
+0.135
+0.000
+0.000
+0.000
+0.000
+0.127
+0.000
+0.000
+0.000
+0.000
+0.102
+0.000
+0.000
+0.000
+0.000
+0.051
+0.000
+0.000
+0.000
+0.000
+0.104
+0.000
+0.000
+0.000
+0.000
+0.343
+0.000
+0.000
+0.000
+0.000
+0.528
+0.000
+0.000
+0.000
+0.000
+0.822
+0.000
+0.000
+0.000
+0.000
+1.145
+0.000
+0.000
+0.000
+0.000
+1.475
+0.000
+0.000
+0.000
+0.000
+1.744
+0.000
+0.000
+0.000
+0.000
+1.874
+0.000
+0.000
+0.000
+0.000
+1.848
+0.000
+0.000
+0.000
+0.000
+1.684
+0.000
+0.000
+0.000
+0.000
+1.395
+0.000
+0.000
+0.000
+0.000
+1.030
+0.000
+0.000
+0.000
+0.000
+0.639
+0.000
+0.000
+0.000
+0.000
+0.267
+0.000
+0.000
+0.000
+0.000
+0.081
+0.000
+0.000
+0.000
+0.000
-0.060
+0.000
+0.000
+0.000
+0.000
-0.203
+0.000
+0.000
+0.000
+0.000
-0.288
+0.000
+0.000
+0.000
+0.000
-0.412
+0.000
+0.000
+0.000
+0.000
-0.451
+0.000
+0.000
+0.000
+0.000
-0.455
+0.000
+0.000
+0.000
+0.000
-0.444
+0.000
+0.000
+0.000
+0.000
-0.482
+0.000
+0.000
+0.000
+0.000
-0.647
+0.000
+0.000
+0.000
+0.000
-0.850
+0.000
+0.000
+0.000
+0.000
-0.996
+0.000
+0.000
+0.000
+0.000
-1.056
+0.000
+0.000
+0.000
+0.000
-1.028
+0.000
+0.000
+0.000
+0.000
-0.967
+0.000
+0.000
+0.000
+0.000
-0.921
+0.000
+0.000
+0.000
+0.000
-0.863
+0.000
+0.000
+0.000
+0.000
-0.693
+0.000
+0.000
+0.000
+0.000
-0.601
+0.000
+0.000
+0.000
+0.000
-0.574
+0.000
+0.000
+0.000
+0.000
-0.540
+0.000
+0.000
+0.000
+0.000
-0.487
+0.000
+0.000
+0.000
+0.000
-0.465
+0.000
+0.000
+0.000
+0.000
-0.415
+0.000
+0.000
+0.000
+0.000
-0.338
+0.000
+0.000
+0.000
+0.000
-0.259
+0.000
+0.000
+0.000
+0.000
-0.194
+0.000
+0.000
+0.000
+0.000
-0.179
+0.000
+0.000
+0.000
+0.000
-0.194
+0.000
+0.000
+0.000
+0.000
-0.207
+0.000
+0.000
+0.000
+0.000
-0.243
+0.000
+0.000
+0.000
+0.000
-0.276
+0.000
+0.000
+0.000
+0.000
-0.124
+0.000
+0.000
+0.000
+0.000
+0.059
+0.000
+0.000
+0.000
+0.000
+0.216
+0.000
+0.000
+0.000
+0.000
+0.398
+0.000
+0.000
+0.000
+0.000
+0.658
+0.000
+0.000
+0.000
+0.000
+0.885
+0.000
+0.000
+0.000
+0.000
+1.039
+0.000
+0.000
+0.000
+0.000
+1.152
+0.000
+0.000
+0.000
+0.000
+1.412
+0.000
+0.000
+0.000
+0.000
+1.641
+0.000
+0.000
+0.000
+0.000
+1.820
+0.000
+0.000
+0.000
+0.000
+2.148
+0.000
+0.000
+0.000
+0.000
+2.579
+0.000
+0.000
+0.000
+0.000
+3.342
+0.000
+0.000
+0.000
+0.000
+8.748
+0.000
+0.000
+0.000
+0.000
+7.921
+0.000
+0.000
+0.000
+0.000
+3.080
+0.000
+0.000
+0.000
+0.000
+2.158
+0.000
+0.000
+0.000
+0.000
+2.104
+0.000
+0.000
+0.000
+0.000
+2.728
+0.000
+0.000
+0.000
+0.000
+8.906
+0.000
+0.000
+0.000
+0.000
+4.819
+0.000
+0.000
+0.000
+0.000
+1.635
+0.000
+0.000
+0.000
+0.000
+0.840
+0.000
+0.000
+0.000
+0.000
+0.439
+0.000
+0.000
+0.000
+0.000
+0.354
+0.000
+0.000
+0.000
+0.000
+0.286
+0.000
+0.000
+0.000
+0.000
+0.209
+0.000
+0.000
+0.000
+0.000
+0.143
+0.000
+0.000
+0.000
+0.000
+0.092
+0.000
+0.000
+0.000
+0.000
+0.038
+0.000
+0.000
+0.000
+0.000
+0.029
+0.000
+0.000
+0.000
+0.000
+0.014
+0.000
+0.000
+0.000
+0.000
+0.018
+0.000
+0.000
+0.000
+0.000
+0.044
+0.000
+0.000
+0.000
+0.000
+0.117
+0.000
+0.000
+0.000
+0.000
+0.186
+0.000
+0.000
+0.000
+0.000
+0.247
+0.000
+0.000
+0.000
+0.000
+0.317
+0.000
+0.000
+0.000
+0.000
+0.546
+0.000
+0.000
+0.000
+0.000
+0.854
+0.000
+0.000
+0.000
+0.000
+1.170
+0.000
+0.000
+0.000
+0.000
+1.426
+0.000
+0.000
+0.000
+0.000
+1.503
+0.000
+0.000
+0.000
+0.000
+1.355
+0.000
+0.000
+0.000
+0.000
+1.045
+0.000
+0.000
+0.000
+0.000
+0.703
+0.000
+0.000
+0.000
+0.000
+0.415
+0.000
+0.000
+0.000
+0.000
+0.198
+0.000
+0.000
+0.000
+0.000
+0.098
+0.000
+0.000
+0.000
+0.000
+0.126
+0.000
+0.000
+0.000
+0.000
+0.103
+0.000
+0.000
+0.000
+0.000
+0.079
+0.000
+0.000
+0.000
+0.000
+0.056
+0.000
+0.000
+0.000
+0.000
+0.047
+0.000
+0.000
+0.000
+0.000
+0.068
+0.000
+0.000
+0.000
+0.000
-0.023
+0.000
+0.000
+0.000
+0.000
-0.123
+0.000
+0.000
+0.000
+0.000
-0.336
+0.000
+0.000
+0.000
+0.000
-0.509
+0.000
+0.000
+0.000
+0.000
-0.508
+0.000
+0.000
+0.000
+0.000
-0.464
+0.000
+0.000
+0.000
+0.000
-0.500
+0.000
+0.000
+0.000
+0.000
-0.528
+0.000
+0.000
+0.000
+0.000
-0.538
+0.000
+0.000
+0.000
+0.000
-0.480
+0.000
+0.000
+0.000
+0.000
-0.390
+0.000
+0.000
+0.000
+0.000
-0.289
+0.000
+0.000
+0.000
+0.000
-0.194
+0.000
+0.000
+0.000
+0.000
-0.116
+0.000
+0.000
+0.000
+0.000
-0.135
+0.000
+0.000
+0.000
+0.000
-0.147
+0.000
+0.000
+0.000
+0.000
